36
1.93122e-07,2.09617e-07,2.07792e-07,1.94155e-07,2.13664e-07,2.08385e-07,1.95609e-07,2.15505e-07,2.08754e-07,1.97433e-07,2.18439e-07,2.12139e-07,2.00171e-07,2.28037e-07,2.14392e-07,2.0108e-07,2.31536e-07,3.01777e-07,2.10569e-07,2.08752e-07,2.34042e-07,3.03629e-07,2.2339e-07,2.10452e-07,2.34417e-07,3.06781e-07,2.26846e-07,2.16241e-07,2.39777e-07,3.06976e-07,2.31049e-07,2.18137e-07,2.46255e-07,3.16263e-07,2.35956e-07,2.26284e-07
-103.264,-110.324,-110.162,-106.16,-118.23,-114.735,-111.563,-120.006,-115.091,-113.323,-122.838,-118.358,-115.966,-132.101,-120.531,-116.843,-118.634,-121.657,-114.22,-114.012,-125.052,-127.444,-130.593,-119.653,-125.415,-130.485,-133.929,-125.239,-130.587,-130.674,-137.985,-127.07,-136.839,-139.637,-142.721,-134.932
0,3.14159,3.14159,3.14159,1.58954,3.27791,5.77037,1.02945,2.52267,2.08083,2.74039,2.35981,3.75274,3.77458,5.6266,0.408833,6.28319,6.28319,6.28319,6.28319,0.304949,6.15511,0.212859,4.64984,3.06455,2.1831,5.96695,2.13582,2.29056,2.56748,2.56116,5.87661,3.88885,4.73011,1.13704,3.50025
94.4547,94.1035,94.1396,97.3981,149.409,159.109,161.937,151.991,150.16,156.988,161.33,151.945,158.077,144.886,156.191,162.541,93.7145,92.8491,96.8186,96.8782,137.265,130.167,149.415,158.121,147.737,139.381,151.92,149.425,143.764,127.115,160.303,152.195,142.23,130.507,155.079,159.188
195.052,207.21,153.777,195.052,30.5907,159.109,18.0625,28.0092,150.16,23.0124,18.6702,151.945,21.9228,35.1145,156.191,17.459,143.578,231.898,207.21,153.777,137.265,49.833,30.5852,158.121,147.737,40.6194,28.08,149.425,143.764,52.8851,19.6969,152.195,142.23,49.4926,24.9207,159.188
85.5453,85.8965,85.8604,97.3981,22.2289,26.8764,15.0364,22.5124,26.4467,20.2863,35.4345,28.5218,16.8256,31.9211,26.8161,15.1636,86.2855,87.1509,96.8186,96.8782,38.2153,51.3635,35.4042,21.0185,35.828,55.5292,28.2572,32.3022,34.6409,57.1912,23.6691,24.2795,36.7703,51.3417,21.9841,18.0322
15.0515,332.767,26.212,15.0515,157.771,26.8764,15.0364,157.488,26.4467,20.2863,144.565,28.5218,16.8256,148.079,26.8161,15.1636,323.567,51.9096,332.767,26.212,141.785,51.3635,144.596,21.0185,144.172,55.5292,151.743,32.3022,145.359,57.1912,156.331,24.2795,143.23,51.3417,158.016,18.0322
36
1.77133e-07,1.94988e-07,1.93022e-07,1.78259e-07,1.96946e-07,1.9902e-07,1.87229e-07,1.99779e-07,1.99645e-07,1.92261e-07,2.03403e-07,2.0248e-07,1.96372e-07,2.05288e-07,2.02739e-07,2.00239e-07,2.18382e-07,2.91804e-07,1.96011e-07,1.94055e-07,2.30693e-07,2.9204e-07,1.96552e-07,2.00231e-07,2.31825e-07,2.9347e-07,1.99809e-07,2.00392e-07,2.32408e-07,2.96013e-07,2.02307e-07,2.01041e-07,2.3355e-07,2.97183e-07,2.05114e-07,2.06845e-07
-102.513,-109.865,-109.7,-105.64,-115.755,-119.489,-118.296,-118.489,-120.092,-123.153,-121.987,-122.828,-127.12,-123.807,-123.078,-130.852,-118.319,-121.414,-114.064,-113.858,-134.201,-125.643,-118.586,-123.818,-135.294,-127.023,-121.729,-123.974,-135.856,-129.477,-124.14,-124.6,-136.958,-130.606,-126.849,-130.201
0,3.14159,3.14159,3.14159,1.69587,0.25013,2.978,2.60575,5.76634,0.704212,0.0464271,2.73198,3.5373,5.24459,5.54843,0.487319,6.28319,6.28319,6.28319,6.28319,2.44284,1.13053,0.144817,1.91893,0.64667,2.95905,0.766006,5.01314,2.37825,2.60178,0.453568,4.03998,2.03084,1.83434,3.00458,3.76766
94.8577,94.412,94.457,98.0621,151.864,160.187,165.427,158.821,136.43,163.949,151.007,155.337,165.217,143.599,146.096,158.543,93.9386,92.9466,97.3277,97.402,141.668,127.941,144.027,147.733,145.466,123.537,158.986,153.303,151.378,118.398,146.521,147.615,147.277,121.193,153.214,151.831
196.457,209.458,151.584,196.457,28.1357,160.187,14.5729,21.1788,136.43,16.0506,28.9932,155.337,14.7831,36.4006,146.096,21.4566,140.975,234.478,209.458,151.584,141.668,52.0594,35.9727,147.733,145.466,56.4627,21.0135,153.303,151.378,61.6018,33.4791,147.615,147.277,58.8075,26.786,151.831
85.1423,85.588,85.543,98.0621,27.5277,36.0052,19.7663,32.0689,22.0229,18.1916,23.5343,32.1235,22.0465,35.0879,22.9089,14.3345,86.0614,87.0534,97.3277,97.402,38.0233,56.348,36.2483,29.0495,28.2288,48.5366,28.4486,31.6031,35.0462,51.4337,30.0634,27.7333,49.343,60.9158,29.4472,30.1953
16.4567,330.519,28.4043,16.4567,152.472,36.0052,19.7663,147.931,22.0229,18.1916,156.466,32.1235,22.0465,144.912,22.9089,14.3345,320.963,54.4894,330.519,28.4043,141.977,56.348,143.752,29.0495,151.771,48.5366,151.551,31.6031,144.954,51.4337,149.937,27.7333,130.657,60.9158,150.553,30.1953
36
1.61282e-07,1.80712e-07,1.78585e-07,1.62517e-07,1.96209e-07,1.82746e-07,1.63984e-07,2.04538e-07,1.853e-07,1.67321e-07,2.07061e-07,1.85412e-07,1.73309e-07,2.15784e-07,1.95423e-07,1.75921e-07,2.05736e-07,2.82462e-07,1.79702e-07,1.81815e-07,2.07171e-07,2.84125e-07,1.80158e-07,1.8806e-07,2.10635e-07,2.87944e-07,1.85727e-07,1.904e-07,2.13818e-07,2.9043e-07,1.9613e-07,1.91251e-07,2.24371e-07,2.91908e-07,2.01317e-07,1.91803e-07
-101.699,-109.37,-109.2,-105.093,-128.326,-117.215,-110.509,-136.365,-119.68,-113.729,-138.799,-119.788,-119.509,-147.218,-129.45,-122.029,-117.975,-121.172,-113.692,-113.894,-123.359,-126.777,-118.132,-123.922,-126.703,-130.463,-123.506,-126.179,-129.774,-132.862,-133.546,-127.001,-139.959,-134.288,-138.552,-127.533
0,3.14159,3.14159,3.14159,0.0603635,5.04867,4.2543,4.78432,3.74216,4.38626,0.876003,1.14428,3.53964,4.93855,4.50009,0.570896,6.28319,6.28319,6.28319,6.28319,5.00968,4.84403,4.75002,4.78214,2.68913,2.8728,2.06959,1.94246,2.72363,5.9562,1.51462,0.705605,4.9006,1.26337,3.2911,1.14225
95.3365,94.7613,94.8181,98.849,148.826,149.779,162.165,149.72,143.568,153.874,147.966,143.526,153.553,143.066,143.232,153.377,94.1811,93.0441,97.9969,97.9033,137.678,131.236,147.635,157.852,146.551,113.239,148.083,155.23,134.273,121.117,158.534,150.924,148.07,106.393,155.997,138.983
198.142,212.069,149.031,198.142,31.1741,149.779,17.835,30.2802,143.568,26.1261,32.034,143.526,26.4473,36.9335,143.232,26.6231,138.042,237.235,149.031,212.069,137.678,48.7638,147.635,22.1484,146.551,66.7611,148.083,24.77,134.273,58.883,158.534,29.0757,148.07,73.6068,155.997,41.017
84.6635,85.2387,85.1819,98.849,26.4287,28.3049,14.5311,34.1572,30.4894,24.854,32.2778,31.6747,13.3127,30.0099,28.9902,20.7019,85.8189,86.9559,97.9969,97.9033,42.6044,56.4104,26.2598,27.45,49.8065,64.7356,32.1736,29.3176,42.0838,62.4359,24.9711,39.4235,43.4613,60.671,37.2066,25.3815
18.1416,327.909,30.9578,18.1416,153.571,28.3049,14.5311,145.843,30.4894,24.854,147.722,31.6747,13.3127,149.99,28.9902,20.7019,318.031,57.2464,30.9578,327.909,137.396,56.4104,26.2598,152.55,130.193,64.7356,32.1736,150.682,137.916,62.4359,24.9711,140.577,136.539,60.671,37.2066,154.619
36
1.45612e-07,1.6688e-07,1.64571e-07,1.46979e-07,1.67991e-07,1.67433e-07,1.47767e-07,1.70477e-07,1.68718e-07,1.48599e-07,1.73664e-07,1.75565e-07,1.51664e-07,1.77638e-07,1.76987e-07,1.65416e-07,1.93701e-07,2.73817e-07,1.65782e-07,1.68074e-07,1.9495e-07,2.7747e-07,1.70423e-07,1.79101e-07,1.95045e-07,2.78521e-07,1.85238e-07,1.81552e-07,1.95204e-07,2.8045e-07,1.85419e-07,1.84829e-07,2.01863e-07,2.84201e-07,1.92878e-07,1.85953e-07
-100.811,-108.834,-108.656,-104.519,-113.906,-115.419,-109.279,-116.305,-116.659,-110.082,-119.381,-123.266,-113.04,-123.217,-124.639,-126.311,-117.602,-120.934,-113.508,-113.706,-122.809,-128.46,-121.987,-128.349,-122.9,-129.474,-136.285,-130.713,-123.053,-131.335,-136.46,-133.877,-129.48,-134.956,-143.658,-134.961
0,3.14159,3.14159,3.14159,1.46468,2.55262,0.351688,0.83896,5.20573,1.60766,5.05044,0.631385,2.51931,1.18563,1.88829,4.3237,6.28319,6.28319,6.28319,6.28319,5.30484,2.60882,4.22393,1.3418,4.86892,1.83096,3.2532,1.86728,1.59734,2.83615,2.66605,3.1667,2.32471,3.62531,1.93191,0.663653
95.9127,95.157,95.2295,99.7932,150.347,143.136,157.904,140.786,147.096,161.36,142.365,141.259,160.287,142.444,138.218,154.482,94.4414,93.1403,98.6733,98.5542,131.524,118.697,147.781,144.414,130.336,123.974,144.738,148.908,135.993,128.018,146.089,152.534,140.937,123.62,142.66,143.5
200.195,215.122,146.032,200.195,29.653,143.136,22.0962,39.214,147.096,18.6397,37.635,141.259,19.7134,37.556,138.218,25.5178,134.734,240.174,146.032,215.122,131.524,61.3034,147.781,35.5863,130.336,56.0265,144.738,31.0919,135.993,51.9818,146.089,27.4664,140.937,56.3803,142.66,36.5
84.0873,84.843,84.7705,99.7932,35.2394,40.662,30.3432,33.9877,34.4375,19.0028,38.4635,33.5675,21.6812,35.8355,31.301,15.1948,85.5586,86.8597,98.6733,98.5542,39.5161,64.2009,31.9028,30.2086,49.5406,70.6616,34.3153,35.1719,44.8743,59.0682,37.2239,31.8806,41.7308,65.5506,35.5977,32.2589
20.1949,324.855,33.9565,20.1949,144.761,40.662,30.3432,146.012,34.4375,19.0028,141.537,33.5675,21.6812,144.165,31.301,15.1948,314.722,60.185,33.9565,324.855,140.484,64.2009,31.9028,149.791,130.459,70.6616,34.3153,144.828,135.126,59.0682,37.2239,148.119,138.269,65.5506,35.5977,147.741
36
1.3019e-07,1.53611e-07,1.51097e-07,1.31718e-07,1.54792e-07,1.53511e-07,1.32737e-07,1.58659e-07,1.64445e-07,1.36058e-07,1.6242e-07,1.72316e-07,1.42411e-07,1.67235e-07,1.72443e-07,1.4305e-07,1.82395e-07,2.65936e-07,1.52415e-07,1.54908e-07,1.84001e-07,2.69271e-07,1.53292e-07,1.60027e-07,1.84525e-07,2.71337e-07,1.54187e-07,1.69947e-07,1.84892e-07,2.73908e-07,1.55653e-07,1.77209e-07,1.88767e-07,2.76307e-07,1.66091e-07,1.81071e-07
-99.8388,-108.256,-108.068,-103.916,-113.395,-114.398,-108.9,-117.127,-124.951,-112.105,-120.757,-132.547,-118.236,-125.404,-132.669,-118.853,-117.206,-120.705,-113.299,-113.491,-122.756,-127.923,-118.146,-122.431,-123.262,-129.917,-119.009,-132.005,-123.616,-132.398,-120.424,-139.014,-127.355,-134.713,-130.498,-142.741
0,3.14159,3.14159,3.14159,6.18633,5.30573,3.60696,2.30372,2.39456,3.58949,2.91396,3.87235,5.33222,1.12703,4.70451,1.28416,6.28319,6.28319,6.28319,6.28319,0.880813,0.829895,1.91321,4.71253,2.21436,2.82547,1.8481,4.32556,1.88606,1.60006,4.10565,1.02996,1.54896,5.42462,1.85328,4.68017
96.6161,95.6038,95.6974,100.941,139.572,151.184,154.665,137.947,143.459,161.126,141.155,140.428,163.859,140.183,140.769,157.918,94.7173,93.2335,99.4407,99.2874,138.744,112.564,144.087,139.923,125.333,121.537,143.386,132.301,127.008,110.108,137.246,143.405,120.531,112.97,139.139,138.707
202.745,218.72,142.482,202.745,40.4282,151.184,25.3346,42.0531,143.459,18.8742,38.8452,140.428,16.1411,39.8171,140.769,22.0816,130.998,243.296,142.482,218.72,138.744,67.436,144.087,40.0769,125.333,58.4632,143.386,47.6989,127.008,69.8918,137.246,36.5946,120.531,67.0302,139.139,41.2932
83.3839,84.3962,84.3026,100.941,28.6625,43.7274,24.0594,40.9811,39.0386,19.1761,38.8662,26.5804,21.6185,43.9556,40.6486,21.8094,85.2827,86.7665,99.4407,99.2874,35.208,64.182,25.0681,47.6874,41.5403,64.8251,29.8285,42.2797,45.2016,70.0607,36.3819,30.6485,56.2181,57.1371,34.8314,37.224
22.7448,321.257,37.5064,22.7448,151.338,43.7274,24.0594,139.019,39.0386,19.1761,141.134,26.5804,21.6185,136.044,40.6486,21.8094,310.987,63.3071,37.5064,321.257,144.792,64.182,25.0681,132.313,138.46,64.8251,29.8285,137.72,134.798,70.0607,36.3819,149.352,123.782,57.1371,34.8314,142.776
36
1.15116e-07,1.41066e-07,1.3832e-07,1.16841e-07,1.45751e-07,1.41478e-07,1.17673e-07,1.46838e-07,1.59736e-07,1.199e-07,1.47597e-07,1.62489e-07,1.21181e-07,1.53302e-07,1.6363e-07,1.21226e-07,1.71964e-07,2.5889e-07,1.39758e-07,1.42477e-07,1.78213e-07,2.60503e-07,1.40585e-07,1.44618e-07,1.8049e-07,2.61718e-07,1.41029e-07,1.48433e-07,1.80756e-07,2.61788e-07,1.43864e-07,1.48559e-07,1.81958e-07,2.65387e-07,1.45284e-07,1.48811e-07
-98.77,-107.639,-107.435,-103.286,-116.16,-114.484,-108.09,-117.209,-132.104,-110.239,-117.941,-134.761,-111.475,-123.447,-135.863,-111.519,-116.794,-120.489,-113.055,-113.241,-126.825,-126.045,-117.853,-119.308,-129.023,-127.218,-118.281,-122.99,-129.28,-127.285,-121.018,-123.112,-130.439,-130.758,-122.388,-123.354
0,3.14159,3.14159,3.14159,1.98348,2.86442,5.54838,2.49892,6.04143,3.51907,5.4221,2.24038,0.836521,3.75427,0.148739,3.28673,6.28319,6.28319,6.28319,6.28319,3.59871,2.39913,3.71601,3.49193,5.17349,4.66515,5.98555,4.86448,2.57841,1.09469,4.79884,0.261106,1.68253,2.97753,4.11691,1.34344
97.4871,96.104,96.2257,102.355,139.663,139.28,162.348,135.154,144.158,155.857,142.427,135.879,157.372,134.073,139.249,151.441,95.0041,93.3216,100.305,100.106,133.301,111.693,139.418,136.578,125.669,116.925,128.648,135.315,122.47,119.08,139.993,136.321,126.872,123.329,126.942,128.192
205.981,222.985,138.25,205.981,40.3372,139.28,17.6522,44.8459,144.158,24.1435,37.5731,135.879,22.6275,45.9273,139.249,28.5588,126.787,246.598,138.25,222.985,133.301,68.3073,139.418,43.4217,125.669,63.0747,128.648,44.6849,122.47,60.9201,139.993,43.6786,126.872,56.6706,126.942,51.8077
82.5129,83.896,83.7743,102.355,34.9233,49.0124,18.9564,36.6325,43.319,23.8667,42.776,41.0707,29.3041,35.7241,41.2162,26.0078,84.9959,86.6784,100.305,100.106,51.0849,64.5788,44.6016,41.9172,58.2772,70.4633,36.2958,35.0719,49.3597,67.3443,37.4534,33.4506,51.0381,70.9952,39.4665,40.6447
25.9813,316.992,41.7385,25.9813,145.077,49.0124,18.9564,143.368,43.319,23.8667,137.224,41.0707,29.3041,144.276,41.2162,26.0078,306.775,66.6099,41.7385,316.992,128.915,64.5788,44.6016,138.083,121.723,70.4633,36.2958,144.928,130.64,67.3443,37.4534,146.549,128.962,70.9952,39.4665,139.355
36
1.00546e-07,1.29454e-07,1.26451e-07,1.02516e-07,1.38173e-07,1.27215e-07,1.07661e-07,1.40692e-07,1.29854e-07,1.10106e-07,1.423e-07,1.33427e-07,1.11846e-07,1.50533e-07,1.3768e-07,1.12246e-07,1.62575e-07,2.52749e-07,1.3099e-07,1.28023e-07,1.63142e-07,2.56407e-07,1.32853e-07,1.28376e-07,1.64135e-07,2.565e-07,1.3771e-07,1.32433e-07,1.65555e-07,2.57493e-07,1.4102e-07,1.36351e-07,1.66692e-07,2.65351e-07,1.41956e-07,1.40521e-07
-97.5945,-106.992,-106.767,-102.633,-119.406,-111.503,-111.598,-121.837,-114.051,-113.958,-123.389,-117.499,-115.638,-131.334,-121.603,-116.024,-116.379,-120.292,-112.955,-112.77,-120.926,-127.822,-118.752,-117.11,-121.884,-127.912,-123.44,-121.026,-123.255,-128.871,-126.635,-124.808,-124.352,-136.454,-127.538,-128.832
0,3.14159,3.14159,3.14159,1.53324,2.68692,0.113712,4.97763,5.61106,0.0231153,0.143136,3.00016,0.396609,0.547822,0.487199,6.06459,6.28319,6.28319,6.28319,6.28319,2.59499,5.00927,2.75925,0.581005,3.43119,6.20841,1.93444,3.50529,3.33949,0.107258,2.59155,4.72898,0.100349,1.01859,5.9355,2.30675
98.5797,96.6539,96.8126,104.115,128.303,137.592,144.462,135.883,129.268,145.156,134.091,125.662,152.032,133.4,130.523,162.843,95.2939,93.4024,101.003,101.261,122.221,118.056,122.036,142.892,131.24,111.183,134.947,135.025,128.25,109.437,137.474,142.216,122.947,108.271,129.964,134.642
210.193,228.057,133.18,210.193,51.6973,137.592,35.5384,44.1174,129.268,34.8442,45.9091,125.662,27.9677,46.6005,130.523,17.1566,122.056,250.074,228.057,133.18,122.221,61.9436,57.9642,142.892,131.24,68.8175,45.0525,135.025,128.25,70.5626,42.5265,142.216,122.947,71.7285,50.036,134.642
81.4203,83.3461,83.1874,104.115,53.3502,44.636,20.3936,37.0636,48.3073,31.5173,37.5042,39.9878,38.5028,44.473,45.1735,34.8944,84.7061,86.5976,101.003,101.261,55.0822,75.4907,43.471,45.2613,58.7865,70.4104,46.3352,44.1509,59.3489,65.9164,43.7966,44.4542,53.7793,72.2061,47.4043,45.9559
30.1928,311.92,46.8083,30.1928,126.65,44.636,20.3936,142.936,48.3073,31.5173,142.496,39.9878,38.5028,135.527,45.1735,34.8944,302.045,70.0858,311.92,46.8083,124.918,75.4907,136.529,45.2613,121.213,70.4104,133.665,44.1509,120.651,65.9164,136.203,44.4542,126.221,72.2061,132.596,45.9559
36
8.67345e-08,1.19049e-07,1.15772e-07,8.90105e-08,1.20549e-07,1.1917e-07,9.59893e-08,1.2121e-07,1.23988e-07,9.62397e-08,1.22387e-07,1.31804e-07,9.65747e-08,1.26517e-07,1.32593e-07,9.68826e-08,1.5442e-07,2.47579e-07,1.20717e-07,1.17487e-07,1.55594e-07,2.58555e-07,1.25863e-07,1.19043e-07,1.56616e-07,2.6564e-07,1.2939e-07,1.20616e-07,1.59163e-07,2.68201e-07,1.41733e-07,1.21031e-07,1.61998e-07,2.68962e-07,1.42995e-07,1.26504e-07
-96.3111,-106.336,-106.082,-101.965,-111.784,-113.361,-112.701,-112.422,-118.011,-112.942,-113.558,-125.554,-113.266,-117.544,-126.316,-113.563,-115.98,-120.119,-112.635,-112.448,-121.113,-134.713,-121.601,-117.949,-122.1,-141.55,-125.005,-119.468,-124.558,-144.021,-136.917,-119.868,-127.293,-144.756,-138.135,-125.15
0,3.14159,3.14159,3.14159,4.50257,4.99123,3.33388,2.82029,6.23557,2.20017,1.62055,5.01451,0.52823,2.42971,6.25682,1.14042,6.28319,6.28319,6.28319,6.28319,5.20182,4.93304,0.285844,5.5013,4.13944,0.372184,1.11977,0.3015,2.68995,0.336163,3.12916,2.91748,5.0517,5.44865,3.81115,4.9623
99.9589,97.2384,97.4445,106.312,130.042,121.758,146.07,115.993,136.523,141.1,131.817,124.969,149.654,137.919,128.99,143.613,95.5744,93.4735,101.952,102.286,115.889,109.326,124.561,134.481,119.375,97.6307,125.549,119.024,115.567,112.703,130.329,123.945,119.153,105.645,124.92,133.009
215.824,234.085,127.104,215.824,49.9579,121.758,33.9297,64.0071,136.523,38.9003,48.1832,124.969,30.3464,42.0811,128.99,36.3867,116.782,253.71,234.085,127.104,115.889,70.674,55.4386,134.481,119.375,82.3693,54.4514,119.024,115.567,67.2969,49.6712,123.945,119.153,74.3547,55.0803,133.009
80.0411,82.7616,82.5555,106.312,50.4254,53.6751,43.7937,44.6106,62.8644,40.9465,54.8058,54.4998,36.0985,49.6593,48.7946,38.7464,84.4256,86.5265,101.952,102.286,57.6524,81.4789,52.0704,51.6709,66.0097,82.419,57.7598,51.9464,54.2227,75.2174,50.2618,50.2248,66.4508,73.8533,62.0974,52.942
35.8236,305.892,52.8845,35.8236,129.575,53.6751,43.7937,135.389,62.8644,40.9465,125.194,54.4998,36.0985,130.341,48.7946,38.7464,296.771,73.7214,305.892,52.8845,122.348,81.4789,127.93,51.6709,113.99,82.419,122.24,51.9464,125.777,75.2174,129.738,50.2248,113.549,73.8533,117.903,52.942
36
7.41064e-08,1.10193e-07,1.06639e-07,7.67578e-08,1.13409e-07,1.0704e-07,7.77131e-08,1.17478e-07,1.16485e-07,7.8746e-08,1.23645e-07,1.18599e-07,8.1491e-08,1.27286e-07,1.22247e-07,8.3008e-08,1.47702e-07,2.43442e-07,1.11993e-07,1.08498e-07,1.48679e-07,2.47418e-07,1.13624e-07,1.10797e-07,1.51621e-07,2.53581e-07,1.24093e-07,1.10798e-07,1.52419e-07,2.55027e-07,1.26787e-07,1.12736e-07,1.60169e-07,2.60219e-07,1.27101e-07,1.17925e-07
-94.9443,-105.71,-105.42,-101.301,-112.814,-109.807,-106.223,-116.74,-118.922,-107.22,-122.692,-120.962,-109.869,-126.207,-124.483,-111.333,-115.621,-119.976,-112.303,-112.105,-120.564,-127.813,-117.877,-118.323,-123.403,-133.761,-127.98,-118.325,-124.174,-135.157,-130.58,-120.195,-131.653,-140.167,-130.883,-125.203
0,3.14159,3.14159,3.14159,0.853452,5.05007,4.78346,4.28252,0.305174,5.49681,6.1443,0.397144,4.41983,1.68545,1.46324,4.92474,6.28319,6.28319,6.28319,6.28319,3.70751,1.74237,2.92236,4.98757,5.18596,2.51016,4.92801,0.0379394,3.95694,0.880293,5.50809,1.02512,4.98785,1.50224,3.89819,0.158308
101.678,97.8237,98.0861,109.008,124.808,122.901,135.805,116.02,115.434,133.377,116.466,120.765,130.68,117.493,129.592,134.823,95.8288,93.5326,102.899,103.322,104.038,104.983,112.944,119.064,110.146,106.172,122.081,122.732,106.23,102.181,123.245,122.139,112.882,100.393,120.558,123.617
223.548,241.19,119.872,223.548,55.1923,122.901,44.1953,63.9801,115.434,46.6228,63.5337,120.765,49.3202,62.5073,129.592,45.1769,110.97,257.485,241.19,119.872,104.038,75.0171,67.0561,119.064,110.146,73.8281,57.9195,122.732,106.23,77.8187,56.755,122.139,112.882,79.6066,59.4424,123.617
78.322,82.1763,81.9139,109.008,64.953,64.9896,43.1755,68.1528,58.935,39.0839,64.5397,53.3689,50.1458,65.5891,56.2089,41.8018,84.1712,86.4674,102.899,103.322,66.851,78.089,61.2459,63.4088,72.5685,73.8221,58.9133,48.5971,74.5057,85.9727,66.0855,62.6199,68.2469,75.7186,61.6124,51.3217
43.5484,298.787,60.1161,43.5484,115.047,64.9896,43.1755,111.847,58.935,39.0839,115.46,53.3689,50.1458,114.411,56.2089,41.8018,290.958,77.4967,298.787,60.1161,113.149,78.089,118.754,63.4088,107.432,73.8221,121.087,48.5971,105.494,85.9727,113.915,62.6199,111.753,75.7186,118.388,51.3217
36
6.33735e-08,1.03286e-07,9.94798e-08,6.64545e-08,1.08974e-07,1.01259e-07,6.70818e-08,1.12689e-07,1.0162e-07,7.34556e-08,1.13202e-07,1.07064e-07,7.45683e-08,1.13626e-07,1.08561e-07,8.58444e-08,1.42624e-07,2.40392e-07,1.05204e-07,1.0147e-07,1.4914e-07,2.50832e-07,1.10365e-07,1.0175e-07,1.52618e-07,2.59903e-07,1.20682e-07,1.10167e-07,1.54051e-07,2.61183e-07,1.23988e-07,1.13062e-07,1.56232e-07,2.62625e-07,1.31499e-07,1.14453e-07
-93.5854,-105.17,-104.843,-100.677,-114.66,-110.559,-105.283,-118.245,-110.908,-111.434,-118.74,-116.163,-112.508,-119.15,-117.607,-123.391,-115.329,-119.868,-111.997,-111.783,-125.618,-133.944,-120.978,-116.053,-128.975,-142.699,-130.934,-124.176,-130.358,-143.934,-134.125,-126.97,-132.462,-145.326,-141.374,-128.313
0,3.14159,3.14159,3.14159,5.65471,4.75827,5.8248,3.15941,1.47097,1.1405,3.15209,6.22716,1.52257,1.28372,1.64089,5.93717,6.28319,6.28319,6.28319,6.28319,5.88568,6.26602,5.12108,0.902022,3.06482,5.04552,4.98719,0.485649,2.26478,2.80132,3.4294,4.85903,0.0586677,1.0022,2.20208,6.23164
103.691,98.3505,98.6724,112.098,107.687,114.798,121.231,111.27,106.126,128.688,103.084,115.933,128.168,108.526,109.713,128.118,96.0371,93.5775,103.747,104.263,92.8812,96.0578,110.256,111.581,103.233,93.0394,116.554,109.486,101.632,99.1692,101.594,109.142,95.723,104.369,114.501,108.333
234.296,249.407,111.423,234.296,72.3132,114.798,58.7691,68.7299,106.126,51.3123,76.9156,115.933,51.8316,71.4742,109.713,51.8821,104.67,261.374,249.407,111.423,92.8812,83.9422,69.7442,111.581,103.233,86.9606,63.4458,109.486,101.632,80.8308,78.4055,109.142,95.723,75.6309,65.4992,108.333
76.3086,81.6495,81.3276,112.098,64.4578,68.9035,64.1194,68.6066,75.4,55.401,75.1267,76.1483,54.679,70.9113,63.0882,52.9487,83.9629,86.4225,103.747,104.263,74.5053,81.6797,75.9015,72.2552,71.6038,85.5121,59.0491,74.4159,77.7159,80.1947,64.5349,68.0351,65.7844,80.0679,74.2939,76.1381
54.2965,290.57,68.5658,54.2965,115.542,68.9035,64.1194,111.393,75.4,55.401,104.873,76.1483,54.679,109.089,63.0882,52.9487,284.658,81.3854,290.57,68.5658,105.495,81.6797,104.098,72.2552,108.396,85.5121,120.951,74.4159,102.284,80.1947,115.465,68.0351,114.216,80.0679,105.706,76.1381
36
5.56435e-08,9.87366e-08,9.47422e-08,5.91287e-08,1.00041e-07,1.05166e-07,6.39505e-08,1.06075e-07,1.07062e-07,6.48992e-08,1.10574e-07,1.12805e-07,6.88563e-08,1.12013e-07,1.19788e-07,6.88913e-08,1.39366e-07,2.3847e-07,1.00742e-07,9.68302e-08,1.46743e-07,2.38623e-07,1.02163e-07,9.7804e-08,1.47407e-07,2.41467e-07,1.02539e-07,9.78412e-08,1.47615e-07,2.41607e-07,1.04675e-07,1.00963e-07,1.5564e-07,2.42513e-07,1.04837e-07,1.03812e-07
-92.4555,-104.787,-104.428,-100.177,-110.046,-118.488,-108.831,-115.869,-120.317,-109.747,-120.211,-125.86,-113.566,-121.6,-132.6,-113.599,-115.133,-119.799,-111.769,-111.54,-126.252,-123.946,-117.14,-116.48,-126.893,-126.691,-117.504,-116.516,-127.093,-126.826,-119.565,-119.528,-134.839,-127.7,-119.721,-122.278
0,3.14159,3.14159,3.14159,3.75487,3.78462,1.31413,0.950578,3.28461,5.82767,5.38199,3.35825,0.85307,0.954736,5.19819,6.19088,6.28319,6.28319,6.28319,6.28319,4.52459,2.01539,2.93296,6.20674,0.961423,2.14165,4.86407,4.83805,1.57898,3.17691,2.75766,3.80524,6.09335,4.32814,4.15172,0.10619
105.639,98.7382,99.1097,115.012,107.433,110.527,112.628,94.3761,99.3124,107.458,94.6455,99.9173,103.179,102.793,106.112,103.938,96.1787,93.6063,104.369,104.962,95.6964,97.9159,101.863,104.458,106.257,95.4404,105.16,104.571,101.252,95.0705,94.0472,108.603,112.392,94.1275,105.451,112.317
248.927,258.608,101.877,248.927,72.5671,110.527,67.3725,85.6239,99.3124,72.5424,85.3545,99.9173,76.8212,77.2073,106.112,76.0621,97.9871,265.344,258.608,101.877,95.6964,82.0841,78.1367,104.458,106.257,84.5596,74.8402,104.571,101.252,84.9295,85.9528,108.603,112.392,85.8725,74.5492,112.317
74.3611,81.2618,80.8903,115.012,79.6367,84.318,70.4363,84.1237,72.9674,63.4759,79.9656,80.2697,67.9102,79.3374,76.4725,70.8154,83.8213,86.3937,104.369,104.962,87.6128,86.889,84.5097,63.852,77.9501,82.01,85.2674,76.5613,75.8225,86.1454,77.4654,86.3402,84.7959,79.9933,79.3454,75.7805
68.9267,281.369,78.1119,68.9267,100.363,84.318,70.4363,95.8763,72.9674,63.4759,100.034,80.2697,67.9102,100.663,76.4725,70.8154,277.976,85.3556,281.369,78.1119,92.3872,86.889,95.4903,63.852,102.05,82.01,94.7326,76.5613,104.178,86.1454,102.535,86.3402,95.2041,79.9933,100.655,75.7805
36
5.22662e-08,9.68785e-08,9.27982e-08,5.59621e-08,1.0895e-07,9.92518e-08,5.68016e-08,1.18553e-07,9.96221e-08,5.95221e-08,1.25158e-07,1.00209e-07,6.02169e-08,1.43462e-07,1.02105e-07,6.41355e-08,1.38058e-07,2.37705e-07,9.89214e-08,9.49289e-08,1.38831e-07,2.41061e-07,9.9085e-08,9.56039e-08,1.39937e-07,2.47007e-07,9.98555e-08,1.02937e-07,1.40287e-07,2.50194e-07,1.04561e-07,1.03345e-07,1.44146e-07,2.5144e-07,1.04578e-07,1.07558e-07
-91.9116,-104.623,-104.249,-99.9396,-120.274,-114.478,-104.75,-129.541,-114.835,-107.375,-135.915,-115.401,-108.046,-153.581,-117.231,-111.828,-115.051,-119.771,-111.669,-111.432,-119.797,-127.01,-115.827,-116.084,-120.865,-132.749,-116.571,-123.16,-121.203,-135.825,-121.112,-123.555,-124.927,-137.027,-121.128,-127.621
0,3.14159,3.14159,3.14159,5.96147,5.68066,6.19284,0.155572,3.73567,0.730396,1.01582,1.42017,3.64499,5.92754,6.14535,0.818469,6.28319,6.28319,6.28319,6.28319,0.632097,2.79286,6.13657,0.510376,1.2818,3.87615,4.1766,6.18979,4.79436,0.654414,6.28109,3.18032,0.162812,3.24335,3.94449,0.4473
106.678,98.9071,99.3022,116.534,89.4037,95.1253,94.1627,87.486,97.467,97.2239,88.8472,97.2361,95.2953,92.6263,82.992,89.1187,96.2375,93.618,104.639,105.269,91.4512,97.1443,88.5208,89.1066,83.1747,89.3087,95.1762,101.109,86.6905,92.5816,89.0497,87.8599,95.7609,91.4205,95.8425,92.1958
267.023,268.438,91.6181,267.023,90.5963,95.1253,85.8373,92.514,97.467,82.7761,91.1528,97.2361,84.7047,87.3737,82.992,90.8813,91.0796,269.36,268.438,91.6181,91.4512,82.8557,91.4792,89.1066,83.1747,90.6913,84.8238,101.109,86.6905,87.4184,90.9503,87.8599,95.7609,88.5795,84.1575,92.1958
73.322,81.0929,80.6978,116.534,89.0785,86.6019,89.4518,79.4753,89.047,91.2877,86.4945,79.8248,88.9914,85.4445,84.6972,84.7041,83.7625,86.382,104.639,105.269,84.7268,88.1382,89.1154,90.4058,84.379,77.6732,97.7627,95.3482,84.7636,86.5285,87.816,89.5551,96.3102,91.2981,80.922,93.268
87.0233,271.539,88.3705,87.0233,90.9215,86.6019,89.4518,100.525,89.047,91.2877,93.5055,79.8248,88.9914,94.5555,84.6972,84.7041,271.068,89.371,271.539,88.3705,95.2732,88.1382,90.8846,90.4058,95.621,77.6732,82.2373,95.3482,95.2364,86.5285,92.184,89.5551,83.6898,91.2981,99.078,93.268
46
5.40636e-08,9.78649e-08,9.38215e-08,5.76444e-08,6.02825e-08,9.7994e-08,9.50274e-08,6.0824e-08,6.10743e-08,1.0013e-07,9.55025e-08,6.58202e-08,6.35953e-08,1.00872e-07,1.00314e-07,6.73382e-08,6.46677e-08,1.0286e-07,1.02777e-07,7.55602e-08,6.84715e-08,1.38753e-07,2.38106e-07,9.98876e-08,9.59295e-08,6.35136e-08,1.39729e-07,2.38128e-07,9.99758e-08,1.05171e-07,6.75504e-08,1.48162e-07,2.38739e-07,1.01316e-07,1.06115e-07,6.81154e-08,1.50423e-07,2.39296e-07,1.01734e-07,1.10818e-07,7.37836e-08,1.51281e-07,2.43684e-07,1.03319e-07,1.13229e-07,8.77014e-08
-92.2053,-104.71,-104.344,-100.068,-111.914,-108.835,-109.508,-107.137,-116.678,-110.896,-109.966,-111.958,-119.111,-111.613,-114.61,-113.424,-120.146,-113.531,-116.987,-121.359,-123.817,-115.095,-119.786,-111.723,-111.49,-113.934,-120.037,-123.806,-115.808,-124.409,-121.83,-128.175,-124.396,-117.102,-125.32,-122.376,-130.358,-124.934,-117.505,-129.859,-127.846,-131.185,-129.169,-119.034,-132.186,-141.278
0,3.14159,3.14159,3.14159,3.14159,6.26608,0.816597,5.88632,2.52708,2.53348,4.47333,5.20852,0.659155,1.71102,0.323978,1.21846,4.39429,2.9055,0.241759,3.19497,6.03163,6.28319,6.28319,6.28319,6.28319,6.28319,0.783792,3.85906,1.88409,2.37513,1.6603,1.72499,4.49839,2.26612,4.64571,1.26166,5.05065,5.13025,0.566464,4.37193,4.15781,5.74662,5.14853,3.18911,6.08571,1.38688
106.108,98.8166,99.1998,115.702,104.408,90.8492,80.7861,70.1806,82.6916,77.9562,76.0443,69.396,76.6463,87.4548,86.6898,80.9412,72.3109,76.5664,80.4051,67.6751,76.0999,96.2061,93.6119,104.494,105.106,113.18,81.5927,86.2548,83.4371,80.3771,73.1666,84.2605,84.9341,69.4089,84.2209,84.5019,80.2294,73.3362,83.9103,78.7016,80.5386,87.6832,88.0639,86.7625,75.2445,69.2233
285.713,278.358,81.255,285.713,76.059,89.1508,80.7861,109.819,82.6916,102.044,76.0443,110.604,76.6463,92.5452,86.6898,99.0588,72.3109,103.434,80.4051,112.325,76.0999,84.1411,273.381,278.358,81.255,76.059,81.5927,93.7452,96.5629,80.3771,73.1666,84.2605,95.0659,110.591,84.2209,84.5019,80.2294,106.664,96.0897,78.7016,80.5386,87.6832,91.9361,93.2375,75.2445,69.2233
73.8919,81.1834,80.8002,115.702,75.5918,94.4826,92.9846,105.14,114.983,98.7848,103.157,99.8883,111.972,107.417,103.839,108.21,113.748,97.5035,90.2282,105.993,100.333,83.7939,86.3881,104.494,105.106,113.18,94.4012,92.3423,92.6737,100.242,112.322,94.2854,86.7505,97.8639,100.593,107.121,92.6802,85.2864,102.918,91.4687,106.618,87.6285,100.311,107.142,99.8902,97.5568
105.713,261.619,98.7335,105.713,103.941,85.5174,92.9846,105.14,114.983,81.2152,103.157,99.8883,111.972,72.5826,103.839,108.21,113.748,82.4965,90.2282,105.993,100.333,264.13,93.3926,261.619,98.7335,103.941,85.5988,92.3423,87.3263,100.242,112.322,85.7146,86.7505,82.1361,100.593,107.121,87.3198,85.2864,77.0825,91.4687,106.618,92.3715,100.311,72.8579,99.8902,97.5568
26
6.05767e-08,1.01613e-07,6.37929e-08,1.05126e-07,6.70605e-08,1.07463e-07,6.81749e-08,1.11815e-07,8.11122e-08,1.11871e-07,8.25669e-08,1.07914e-07,2.39668e-07,1.03562e-07,1.08432e-07,2.39699e-07,1.03899e-07,1.15877e-07,2.4125e-07,1.06494e-07,1.22355e-07,2.49159e-07,1.07633e-07,1.29271e-07,2.51597e-07,1.07902e-07
-93.1933,-105.032,-100.503,-112.423,-107.656,-114.678,-108.732,-118.878,-121.217,-118.932,-122.621,-124.331,-119.842,-111.916,-128.83,-123.872,-116.24,-136.016,-125.369,-118.745,-142.268,-133.002,-119.844,-148.942,-135.355,-120.104
0,3.14159,3.14159,2.40382,1.19128,4.99584,1.25937,4.6221,2.39267,0.419053,1.99948,6.28319,6.28319,6.28319,2.92981,2.09102,1.01259,0.897671,4.27117,6.07153,0.140284,4.63914,3.0554,1.58001,0.930477,0.477258
104.337,98.489,113.072,80.7784,61.227,74.2596,56.0572,73.2944,54.5185,65.4103,61.587,97.99,93.5883,103.969,68.7774,78.7964,78.8255,81.1518,81.157,70.5507,72.7866,74.7002,68.4121,65.566,81.8005,69.7423
301.578,287.801,301.578,99.2216,118.773,105.74,123.943,106.706,125.481,114.59,118.413,73.2916,277.37,287.801,68.7774,101.204,101.175,81.1518,98.843,109.449,72.7866,105.3,111.588,65.566,98.1995,110.258
75.6633,81.511,113.072,115.37,121.906,105.698,128.071,112.309,123.237,110.18,119.065,82.01,86.4117,103.969,103.82,101.752,105.097,111.468,93.4592,114.523,114.384,97.648,111.477,116.821,90.8141,98.9746
121.578,252.176,121.578,64.6302,121.906,74.3022,128.071,67.6911,123.237,69.8198,119.065,253.269,97.381,252.176,76.1796,101.752,74.9026,68.5317,93.4592,65.4768,65.616,97.648,68.523,63.1789,90.8141,81.0254
31
7.05107e-08,1.07835e-07,1.04169e-07,7.32923e-08,1.21543e-07,1.08561e-07,7.38089e-08,1.26466e-07,1.1006e-07,7.74607e-08,1.27169e-07,1.11905e-07,8.07264e-08,1.27419e-07,1.17027e-07,8.43731e-08,2.4237e-07,1.09674e-07,1.06071e-07,2.45916e-07,1.18784e-07,1.09535e-07,2.46746e-07,1.19243e-07,1.14854e-07,2.47102e-07,1.19302e-07,1.1589e-07,2.51148e-07,1.20989e-07,1.22125e-07
-94.5123,-105.531,-105.227,-101.099,-122.761,-113.467,-105.598,-127.513,-114.913,-109.122,-128.19,-116.693,-112.274,-128.432,-121.636,-115.793,-119.938,-112.204,-112,-127.361,-124.995,-119.343,-128.162,-125.439,-124.476,-128.506,-125.495,-125.476,-132.411,-127.124,-131.493
0,3.14159,3.14159,3.14159,4.63865,3.44148,3.07416,2.51972,3.27407,0.577215,0.538809,5.13989,4.93744,2.75918,1.75778,4.61357,6.28319,6.28319,6.28319,4.92245,1.30538,2.64453,1.97717,1.4607,4.97638,0.400407,1.33616,3.90872,3.76876,0.605318,3.85633
102.283,97.9959,98.2792,109.944,74.6494,64.8464,54.0914,67.3292,63.8048,59.4871,58.8319,56.1233,40.482,68.4379,63.2427,45.6087,93.5482,103.176,103.632,75.0246,73.7476,64.9048,83.3872,63.6852,70.9676,75.0906,59.2669,52.3103,77.8912,58.1274,68.5784
313.471,296.346,62.6154,313.471,105.351,64.8464,125.909,112.671,63.8048,120.513,121.168,56.1233,139.518,111.562,63.2427,134.391,281.287,296.346,62.6154,104.975,106.252,64.9048,96.6128,116.315,70.9676,104.909,120.733,52.3103,102.109,121.873,68.5784
77.7174,82.0041,81.7208,109.944,111.671,114.102,132.652,120.753,131.494,128.96,117.813,114.937,129.16,110.775,123.929,134.954,86.4518,103.176,103.632,93.9625,131.357,125.63,108.178,109.845,116.562,97.8053,122.323,122.042,101.742,111.715,119.803
133.471,243.631,117.373,133.471,68.3286,114.102,132.652,59.2469,131.494,128.96,62.1867,114.937,129.16,69.225,123.929,134.954,101.299,243.631,117.373,93.9625,48.6434,125.63,108.178,70.1551,116.562,97.8053,57.6771,122.042,101.742,68.2853,119.803
36
8.2641e-08,1.16134e-07,1.12733e-07,8.50267e-08,1.16477e-07,1.16567e-07,9.7005e-08,1.17868e-07,1.19833e-07,9.88514e-08,1.18351e-07,1.21008e-07,9.95719e-08,1.24954e-07,1.22252e-07,1.02098e-07,1.52195e-07,2.46172e-07,1.17844e-07,1.14493e-07,1.53149e-07,2.47892e-07,1.20322e-07,1.20436e-07,1.53212e-07,2.54868e-07,1.20538e-07,1.25286e-07,1.53362e-07,2.60921e-07,1.24809e-07,1.31012e-07,1.53954e-07,2.62761e-07,1.25617e-07,1.38003e-07
-95.8911,-106.138,-105.87,-101.756,-110.469,-113.57,-117.317,-111.812,-116.723,-119.099,-112.277,-117.856,-119.794,-118.65,-119.057,-122.232,-115.865,-120.071,-112.533,-112.341,-120.785,-125.731,-118.925,-122.077,-120.846,-132.463,-119.133,-126.757,-120.991,-138.305,-123.255,-132.283,-121.562,-140.081,-124.035,-139.03
0,3.14159,3.14159,3.14159,3.98081,0.182351,5.62036,6.03463,3.33847,4.42139,6.10013,5.07234,3.82885,3.83338,4.12604,1.65436,6.28319,6.28319,6.28319,6.28319,4.76,5.89258,2.22514,0.746027,1.59992,0.0725176,0.0589888,6.18554,5.47488,0.956272,4.92751,0.381944,2.69526,3.9609,4.05837,1.05549
100.458,97.4211,97.6463,107.099,57.7755,59.7377,31.5085,56.0964,47.1048,37.4058,51.3645,56.4758,40.1575,60.5862,50.0391,39.6491,95.6561,93.4934,102.248,102.612,62.8127,72.3799,64.5812,55.37,66.7148,65.745,65.2772,55.4433,66.1942,74.8889,62.8841,64.9842,63.2907,74.6538,68.4476,58.8564
322.03,303.796,55.0033,322.03,122.224,59.7377,148.491,123.904,47.1048,142.594,128.636,56.4758,139.842,119.414,50.0391,140.351,64.9692,285.101,303.796,55.0033,62.8127,107.62,115.419,55.37,66.7148,114.255,114.723,55.4433,66.1942,105.111,117.116,64.9842,63.2907,105.346,111.552,58.8564
79.5424,82.5789,82.3537,107.099,134.989,131.554,143.921,118.552,126.68,137.482,132.077,128.512,141.276,121.67,119.441,147.094,84.3439,86.5066,102.248,102.612,111.585,100.117,128.048,125.294,120.354,100.562,123.095,126.97,118.644,103.986,126.249,127.031,110.45,107.14,113.259,126.486
142.03,236.181,124.985,142.03,45.0112,131.554,143.921,61.4477,126.68,137.482,47.9231,128.512,141.276,58.3296,119.441,147.094,244.958,105.113,236.181,124.985,68.4154,100.117,51.9524,125.294,59.6457,100.562,56.9051,126.97,61.3564,103.986,53.7509,127.031,69.5504,107.14,66.7406,126.486
36
9.61399e-08,1.26101e-07,1.22971e-07,9.81981e-08,1.30129e-07,1.24632e-07,1.01555e-07,1.37777e-07,1.27453e-07,1.02639e-07,1.38137e-07,1.32992e-07,1.04424e-07,1.42095e-07,1.35446e-07,1.10816e-07,1.59931e-07,2.51026e-07,1.27677e-07,1.24587e-07,1.63291e-07,2.52437e-07,1.32762e-07,1.25807e-07,1.6452e-07,2.52915e-07,1.49875e-07,1.33696e-07,1.65802e-07,2.63201e-07,1.49904e-07,1.41241e-07,1.67272e-07,2.63234e-07,1.57493e-07,1.41424e-07
-97.2053,-106.789,-106.553,-102.426,-114.677,-112.156,-109.665,-122.058,-114.878,-110.711,-122.405,-120.224,-112.435,-126.226,-122.592,-118.604,-116.254,-120.235,-112.86,-112.673,-123.497,-125.596,-121.768,-117.85,-124.683,-126.058,-138.283,-125.464,-125.92,-135.985,-138.311,-132.745,-127.339,-136.017,-145.635,-132.922
0,3.14159,3.14159,3.14159,1.67256,6.10812,2.82091,3.66693,1.53877,2.04052,1.32861,2.53074,0.40236,1.18333,0.843226,1.09774,6.28319,6.28319,6.28319,6.28319,1.5456,2.76469,2.85731,1.61617,1.64358,0.0652156,6.22085,1.97118,0.885806,4.00433,1.91695,4.96711,1.10963,4.55018,2.18788,2.99182
98.9761,96.8316,97.0064,104.749,45.5847,54.2897,33.4869,58.0465,49.5681,41.8181,59.2594,52.6015,31.8881,50.4937,44.9304,30.5198,95.3817,93.4257,101.292,101.576,63.1158,71.1586,44.8182,53.7537,64.9074,71.4532,49.5692,47.2664,59.1452,72.4743,47.0504,44.9857,57.4577,71.8331,42.7035,47.1117
328.229,310.146,48.5797,328.229,134.415,54.2897,146.513,121.953,49.5681,138.182,120.741,52.6015,148.112,129.506,44.9304,149.48,59.5275,288.783,310.146,48.5797,63.1158,108.841,135.182,53.7537,64.9074,108.547,130.431,47.2664,59.1452,107.526,132.95,44.9857,57.4577,108.167,137.296,47.1117
81.0239,83.1684,82.9936,104.749,128.716,127.614,138.542,135.535,128.983,157.126,137.157,127.984,154.798,133.505,127.273,152.269,84.6183,86.5743,101.292,101.576,123.726,105.816,133.235,130.447,124.485,103.01,132.079,128.429,117.74,110.445,131.746,129.32,125.973,99.5811,130.489,136.353
148.229,229.831,131.409,148.229,51.2844,127.614,138.542,44.4649,128.983,157.126,42.8434,127.984,154.798,46.4947,127.273,152.269,239.516,108.794,229.831,131.409,56.2737,105.816,46.7649,130.447,55.5147,103.01,47.9213,128.429,62.2597,110.445,48.2541,129.32,54.0268,99.5811,49.5115,136.353
36
1.10507e-07,1.37373e-07,1.34502e-07,1.12302e-07,1.37974e-07,1.34506e-07,1.13136e-07,1.41153e-07,1.35134e-07,1.15254e-07,1.46174e-07,1.38917e-07,1.26127e-07,1.51357e-07,1.39782e-07,1.31102e-07,1.68962e-07,2.56871e-07,1.38821e-07,1.3598e-07,1.70586e-07,2.64252e-07,1.44616e-07,1.38388e-07,1.73705e-07,2.64283e-07,1.51785e-07,1.42772e-07,1.74958e-07,2.64451e-07,1.53648e-07,1.43366e-07,1.75899e-07,2.6615e-07,1.53851e-07,1.45022e-07
-98.415,-107.442,-107.229,-103.085,-112.023,-111.233,-107.889,-115.09,-111.84,-109.934,-119.936,-115.491,-120.428,-124.938,-116.326,-125.229,-116.667,-120.425,-113.158,-112.97,-122.234,-131.548,-122.75,-119.293,-125.244,-131.578,-129.67,-123.524,-126.453,-131.741,-131.467,-124.097,-127.361,-133.38,-131.664,-125.696
0,3.14159,3.14159,3.14159,0.101808,1.79123,1.94336,4.11255,0.250168,0.338313,0.352498,3.38263,4.16681,2.70436,0.208738,4.19759,6.28319,6.28319,6.28319,6.28319,5.98607,4.82129,5.37649,2.45813,4.83055,5.33194,2.08578,2.4769,4.34145,3.70483,1.44917,5.67593,1.60049,0.482347,0.665607,3.59589
97.8013,96.2687,96.4031,102.863,44.1913,45.0268,34.3892,45.0636,39.7068,30.662,42.8422,53.6482,19.8337,44.781,45.6791,23.68,95.0933,93.3477,100.375,100.594,53.138,64.2603,45.6001,45.8014,54.1803,75.0996,47.6202,51.9655,51.885,70.0876,50.4832,43.6403,51.2734,69.2705,44.1257,45.011
332.826,315.497,43.2135,332.826,135.809,45.0268,145.611,134.936,39.7068,149.338,137.158,53.6482,160.166,135.219,45.6791,156.32,54.6317,292.311,315.497,43.2135,53.138,115.74,134.4,45.8014,54.1803,104.9,132.38,51.9655,51.885,109.912,129.517,43.6403,51.2734,110.73,135.874,45.011
82.1987,83.7313,83.5969,102.863,135.122,138.296,144.772,130.848,137.141,148.166,134.028,136.687,147.133,139.766,139.189,144.359,84.9067,86.6523,100.375,100.594,125.784,113.512,134.013,135.771,134.752,116.511,135.155,136.345,126.135,130.202,135.697,132.45,123.773,116.666,132.71,148.281
152.826,224.48,136.775,152.826,44.878,138.296,144.772,49.1523,137.141,148.166,45.9721,136.687,147.133,40.2338,139.189,144.359,234.62,112.322,224.48,136.775,54.2164,113.512,45.9867,135.771,45.2482,116.511,44.8452,136.345,53.8652,130.202,44.3025,132.45,56.2267,116.666,47.2901,148.281
36
1.25444e-07,1.49655e-07,1.4702e-07,1.27028e-07,1.50109e-07,1.4742e-07,1.35068e-07,1.51891e-07,1.48572e-07,1.36e-07,1.62493e-07,1.5004e-07,1.36598e-07,1.6435e-07,1.54099e-07,1.37817e-07,1.79092e-07,2.63642e-07,1.50986e-07,1.48374e-07,1.87493e-07,2.64013e-07,1.5628e-07,1.51934e-07,1.8857e-07,2.66864e-07,1.61366e-07,1.52231e-07,1.93382e-07,2.69215e-07,1.622e-07,1.55606e-07,1.97251e-07,2.70561e-07,1.62945e-07,1.57645e-07
-99.5162,-108.07,-107.875,-103.722,-112.508,-112.261,-115.481,-114.227,-113.372,-116.381,-124.46,-114.789,-116.958,-126.252,-118.706,-118.135,-117.082,-120.635,-113.419,-113.226,-129.189,-124.994,-122.529,-120.662,-130.228,-127.746,-127.437,-120.948,-134.873,-130.014,-128.243,-124.205,-138.607,-131.313,-128.961,-126.173
0,3.14159,3.14159,3.14159,4.92616,0.801688,1.30829,3.13667,4.09171,1.64342,4.9747,2.21702,3.94834,5.18349,0.117182,5.5447,6.28319,6.28319,6.28319,6.28319,0.51314,0.494173,0.670459,0.981727,1.43528,5.09083,4.37674,2.78806,4.59775,0.883691,0.0127896,3.64581,4.92627,4.45589,0.0597132,5.06943
96.8676,95.7524,95.8559,101.35,39.4733,45.5805,28.4659,36.5971,36.3667,16.4445,44.0152,38.054,15.514,41.9877,41.9729,24.3484,94.8045,93.2616,99.5308,99.7002,41.9777,58.4665,44.9636,31.3242,51.2903,71.7077,37.9601,31.4098,50.4519,63.485,41.0706,34.8945,57.8815,70.7105,41.4151,44.9334
336.33,319.995,38.7373,336.33,140.527,45.5805,151.534,143.403,36.3667,163.555,135.985,38.054,164.486,138.012,41.9729,155.652,50.2648,295.669,319.995,38.7373,41.9777,121.534,135.036,31.3242,51.2903,108.292,142.04,31.4098,50.4519,116.515,138.929,34.8945,57.8815,109.289,138.585,44.9334
83.1324,84.2476,84.1441,101.35,128.95,126.718,152.497,138.102,152.648,159.287,130.57,137.423,158.309,142.964,145.016,161.309,85.1955,86.7384,99.5308,99.7002,132.379,117.378,131.183,141.583,122.941,116.038,146.264,135.233,131.017,115.805,151.686,136.462,127.565,110.527,142.358,132.43
156.33,219.982,141.251,156.33,51.0499,126.718,152.497,41.8977,152.648,159.287,49.4301,137.423,158.309,37.0365,145.016,161.309,230.253,115.68,219.982,141.251,47.6213,117.378,48.8172,141.583,57.0591,116.038,33.7364,135.233,48.9828,115.805,28.3136,136.462,52.4348,110.527,37.6419,132.43
36
1.4077e-07,1.6272e-07,1.60296e-07,1.42184e-07,1.65264e-07,1.65018e-07,1.46612e-07,1.65835e-07,1.66231e-07,1.47005e-07,1.66935e-07,1.74554e-07,1.49333e-07,1.67914e-07,1.77472e-07,1.55736e-07,1.90146e-07,2.71269e-07,1.63944e-07,1.61539e-07,1.91986e-07,2.72717e-07,1.68398e-07,1.64133e-07,1.93584e-07,2.76009e-07,1.71846e-07,1.66507e-07,1.95431e-07,2.79049e-07,1.7292e-07,1.69855e-07,2.06396e-07,2.79146e-07,1.73711e-07,1.70747e-07
-100.517,-108.661,-108.477,-104.334,-115.117,-117.034,-112.607,-115.668,-118.205,-112.986,-116.729,-126.237,-115.234,-117.674,-129.053,-121.413,-117.484,-120.861,-113.645,-113.445,-123.26,-126.259,-121.943,-119.949,-124.802,-129.436,-125.271,-122.239,-126.585,-132.37,-126.307,-125.471,-137.167,-132.464,-127.071,-126.331
0,3.14159,3.14159,3.14159,6.27454,4.56689,4.88555,4.90967,3.92742,5.4795,1.7208,2.55153,1.07677,3.67373,3.9337,4.21594,6.28319,6.28319,6.28319,6.28319,1.92061,5.76503,4.71817,2.96888,2.87151,6.0953,0.96234,2.8369,3.34996,5.06921,6.22462,2.99658,3.80354,5.63639,2.00709,0.441764
96.1169,95.2892,95.3694,100.127,32.1836,35.1913,36.6613,36.9728,31.3161,19.6101,38.9011,36.9911,10.9395,32.4218,31.1806,18.9751,94.5246,93.1698,98.7713,98.903,50.455,62.8519,30.3747,32.6809,48.6137,60.7863,24.2202,30.6131,48.2739,60.8053,35.3856,33.0632,51.9743,62.5478,38.6117,35.2574
339.07,323.785,34.9895,339.07,147.816,35.1913,143.339,143.027,31.3161,160.39,141.099,36.9911,169.061,147.578,31.1806,161.025,46.3884,298.848,323.785,34.9895,50.455,117.148,149.625,32.6809,48.6137,119.214,155.78,30.6131,48.2739,119.195,144.614,33.0632,51.9743,117.452,141.388,35.2574
83.8831,84.7108,84.6306,100.127,135.972,148.574,168.054,145.892,150.726,159.594,148.678,154.559,157.082,145.794,138.373,160.016,85.4754,86.8302,98.7713,98.903,137.683,118.608,146.22,145.071,141.03,113.217,145.945,145.506,133.001,119.815,143.391,147.248,128.722,117.591,141.632,152.644
159.07,216.192,144.999,159.07,44.0281,148.574,168.054,34.1078,150.726,159.594,31.3222,154.559,157.082,34.2057,138.373,160.016,226.377,118.859,216.192,144.999,42.317,118.608,33.7796,145.071,38.9703,113.217,34.055,145.506,46.9988,119.815,36.6091,147.248,51.2782,117.591,38.3682,152.644
