36
7.21155e-08,1.74077e-07,7.62831e-08,7.48375e-08,1.75482e-07,7.7463e-08,7.66832e-08,1.79726e-07,7.89979e-08,8.92623e-08,1.80402e-07,8.15748e-08,9.02432e-08,1.80675e-07,8.242e-08,9.14815e-08,2.12691e-07,1.87773e-07,7.88613e-08,1.75222e-07,2.12786e-07,1.91446e-07,8.58809e-08,1.77049e-07,2.14767e-07,1.95496e-07,8.81199e-08,1.82791e-07,2.17923e-07,1.95596e-07,9.04986e-08,1.86241e-07,2.24905e-07,1.98697e-07,9.39749e-08,1.86831e-07
-94.7078,-109.701,-100.994,-101.19,-115.057,-106.133,-106.971,-119.153,-107.614,-119.111,-119.805,-110.101,-120.058,-120.069,-110.917,-121.253,-118.794,-117.704,-107.302,-115.041,-122.887,-125.249,-118.076,-120.805,-124.798,-129.157,-120.237,-126.346,-127.844,-129.254,-122.533,-129.676,-134.582,-132.247,-125.888,-130.246
0,3.14159,3.14159,3.14159,4.07851,4.04837,5.68553,4.67904,5.50371,3.73784,4.90231,2.9589,1.86407,2.80723,1.43046,5.03292,6.28319,6.28319,6.28319,6.28319,1.4909,4.89493,4.47799,2.45633,3.07184,1.24288,0.448905,2.61883,0.23712,3.83191,0.941632,6.18305,2.10711,1.50754,2.8513,2.1331
102.005,94.9432,101.34,109.515,109.596,157.947,167.734,111.294,160.958,167.956,111.278,160.408,171.321,107.249,166.243,167.501,94.0441,94.5819,108.482,98.2027,113.724,120.084,149.773,108.514,117.075,106.319,157.478,109.424,111.187,107.108,153.09,111.553,110.743,105.481,158.335,119.572
169.104,246.447,157.832,169.104,70.4043,157.947,167.734,68.7057,160.958,167.956,68.7224,160.408,171.321,72.7506,166.243,167.501,109.055,248.267,157.832,246.447,113.724,59.9164,149.773,71.4861,117.075,73.6806,157.478,70.5759,111.187,72.8915,153.09,68.4469,110.743,74.5187,158.335,60.428
77.9949,85.0568,78.6597,109.515,78.1195,26.2868,12.1409,65.5517,17.0076,13.1189,68.1446,17.449,17.1491,66.8095,19.7374,26.0416,85.9559,85.4181,108.482,98.2027,71.1016,62.2146,12.4122,68.9931,70.7497,65.0243,25.0623,68.8255,72.1388,68.0043,25.5413,67.3543,79.2774,69.4777,24.8372,73.6134
349.104,293.53,22.1564,349.104,101.88,26.2868,167.859,114.448,17.0076,166.881,111.855,17.449,162.851,113.19,19.7374,153.958,289.043,68.2789,22.1564,293.53,108.898,62.2146,12.4122,111.007,109.25,65.0243,25.0623,111.174,107.861,68.0043,25.5413,112.646,100.723,69.4777,24.8372,106.387
36
1.04544e-07,1.89815e-07,1.07463e-07,1.0644e-07,1.90026e-07,1.08092e-07,1.06795e-07,1.9235e-07,1.10597e-07,1.07945e-07,1.93506e-07,1.10937e-07,1.08123e-07,1.99462e-07,1.1156e-07,1.10087e-07,2.25751e-07,2.02455e-07,1.90866e-07,1.09308e-07,2.26893e-07,2.06259e-07,1.91269e-07,1.10147e-07,2.27165e-07,2.09279e-07,1.95615e-07,1.1127e-07,2.28496e-07,2.16413e-07,1.97087e-07,1.11654e-07,2.3148e-07,2.21579e-07,1.97831e-07,1.15482e-07
-97.9332,-110.415,-102.976,-102.817,-114.619,-107.583,-107.159,-116.861,-110,-108.269,-117.978,-110.329,-108.441,-123.726,-110.93,-110.337,-119.279,-118.303,-115.496,-107.81,-124.381,-125.975,-119.885,-112.62,-124.644,-128.889,-124.079,-113.704,-125.928,-135.775,-125.5,-114.075,-128.808,-140.76,-126.218,-117.769
0,3.14159,3.14159,3.14159,4.93581,6.21041,3.75239,5.9008,5.14093,1.52359,0.158513,2.1102,1.93124,0.340797,5.7311,0.389842,6.28319,6.28319,6.28319,6.28319,0.564806,2.1211,3.66426,0.632128,5.18871,3.04879,0.541828,0.658768,4.19664,0.556234,2.31003,2.71738,1.80941,0.693371,3.46693,5.86699
98.2492,94.5325,98.0237,103.584,117.605,166.169,174.669,129.289,169.852,168.113,127.323,156.953,171.11,122.457,157.812,170.969,93.8098,94.249,97.5264,103.221,110.406,119.689,119.26,167.003,124.396,117.272,130.876,161.06,114.747,116.547,125.347,167.88,117.572,106.61,125.795,167.814
172.596,237.153,164.617,172.596,62.3954,166.169,174.669,50.7106,169.852,168.113,52.6769,156.953,171.11,57.5426,157.812,170.969,117.096,239.445,237.153,164.617,110.406,60.311,60.7397,167.003,124.396,62.7281,49.1235,161.06,114.747,63.4533,54.6527,167.88,117.572,73.3901,54.2046,167.814
81.7508,85.4675,81.9763,103.584,44.6316,17.8905,5.65808,60.9644,14.5592,2.21527,57.9799,8.29289,12.8391,58.2413,17.5688,10.2632,86.1902,85.751,97.5264,103.221,58.65,53.4897,55.5955,10.6802,62.3129,51.7036,46.4829,6.14111,69.8415,55.7118,55.1153,18.0749,57.5042,55.5909,66.4405,18.0761
352.596,302.825,15.3718,352.596,135.368,17.8905,174.342,119.036,14.5592,177.785,122.02,8.29289,167.161,121.759,17.5688,169.737,297.085,59.4562,302.825,15.3718,121.35,53.4897,124.404,10.6802,117.687,51.7036,133.517,6.14111,110.158,55.7118,124.885,18.0749,122.496,55.5909,113.56,18.0761
36
1.37407e-07,2.09711e-07,1.39641e-07,1.38855e-07,2.11881e-07,1.41021e-07,1.39941e-07,2.23527e-07,1.41178e-07,1.41993e-07,2.26651e-07,1.48406e-07,1.43179e-07,2.28317e-07,1.52533e-07,1.46741e-07,2.42718e-07,2.21222e-07,2.10663e-07,1.41066e-07,2.55486e-07,2.21464e-07,2.1757e-07,1.42928e-07,2.64769e-07,2.26024e-07,2.18609e-07,1.44448e-07,2.67144e-07,2.26938e-07,2.20831e-07,1.47904e-07,2.70046e-07,2.27458e-07,2.22797e-07,1.48106e-07
-100.307,-111.206,-104.492,-104.203,-117.3,-109.824,-109.251,-128.54,-109.975,-111.232,-131.555,-116.951,-112.377,-133.163,-120.934,-115.814,-119.835,-118.959,-115.965,-108.371,-136.158,-123.192,-126.631,-114.168,-145.117,-127.593,-127.633,-115.635,-147.41,-128.475,-129.778,-118.971,-150.21,-128.977,-131.676,-119.165
0,3.14159,3.14159,3.14159,0.265765,2.50712,2.72226,2.26837,4.31167,4.06402,1.45291,4.52494,4.90274,0.956515,5.02889,5.90249,6.28319,6.28319,6.28319,6.28319,5.55444,3.04451,2.55926,2.15333,4.06083,2.85723,2.45061,3.23815,2.3407,3.7628,2.04858,0.844073,4.10826,4.79147,4.23975,0.0733938
96.2672,94.1017,96.1665,100.372,115.798,163.553,175.511,135.926,165.172,174.838,123.181,160.971,169.022,138.028,179.705,167.173,93.5432,93.8879,96.8155,100.208,121.229,129.398,135.571,167.046,125.203,129.635,127.904,168.852,122.31,124.447,128.01,174.674,132.046,119.969,127.476,156.53
174.398,229.457,168.266,174.398,64.2022,163.553,175.511,44.0744,165.172,174.838,56.8193,160.971,169.022,41.9721,179.705,167.173,124.133,231.971,229.457,168.266,121.229,50.6019,44.4289,167.046,125.203,50.3647,52.096,168.852,122.31,55.5535,51.9899,174.674,132.046,60.0311,52.5237,156.53
83.7328,85.8983,83.8335,100.372,49.7141,6.78053,3.67853,47.842,17.0023,1.51274,57.6461,2.57196,6.86593,51.5006,0.940249,4.59181,86.4568,86.1121,96.8155,100.208,48.9013,59.4304,46.8789,7.32387,54.9066,61.5591,44.0345,10.6444,54.7722,62.611,46.8696,10.2893,54.3608,49.6164,46.6377,10.5371
354.398,310.52,11.7227,354.398,130.286,6.78053,176.321,132.158,17.0023,1.51274,122.354,2.57196,173.134,128.499,0.940249,175.408,304.121,51.9826,310.52,11.7227,131.099,59.4304,133.121,7.32387,125.093,61.5591,135.965,10.6444,125.228,62.611,133.13,10.2893,125.639,49.6164,133.362,10.5371
36
1.70452e-07,2.32702e-07,1.72259e-07,1.71622e-07,2.35432e-07,1.76846e-07,1.73975e-07,2.3554e-07,1.82075e-07,1.74825e-07,2.37001e-07,1.8232e-07,1.85411e-07,2.4888e-07,1.82449e-07,1.88211e-07,2.62835e-07,2.43132e-07,2.3356e-07,1.73416e-07,2.66855e-07,2.45149e-07,2.33999e-07,1.76198e-07,2.68341e-07,2.52642e-07,2.34163e-07,1.79353e-07,2.69618e-07,2.55147e-07,2.44852e-07,1.82369e-07,2.71306e-07,2.55178e-07,2.4623e-07,1.83123e-07
-102.179,-111.996,-105.746,-105.413,-118.63,-114.172,-111.684,-118.735,-119.218,-112.505,-120.145,-119.455,-122.721,-131.609,-119.58,-125.424,-120.406,-119.599,-116.394,-108.972,-128.286,-125.546,-120.818,-115.656,-129.72,-132.777,-120.977,-118.702,-130.952,-135.195,-131.292,-121.613,-132.581,-135.224,-132.622,-122.34
0,3.14159,3.14159,3.14159,3.46942,6.23518,3.01269,4.96148,2.24001,6.25479,4.08481,4.70711,1.91228,1.65772,3.1287,3.40968,6.28319,6.28319,6.28319,6.28319,1.61374,3.74884,0.309216,3.97935,1.22567,3.4106,5.38603,0.148487,6.08794,2.91219,4.78848,2.31851,4.93137,2.85864,4.49647,5.38404
95.0486,93.6959,94.9955,98.376,144.985,177.894,179.828,144.567,169.838,173.304,136.131,171.76,175.842,144.373,173.655,175.942,93.2716,93.5371,96.1447,98.2887,126.722,127.762,139.107,169.772,131.582,130.204,143.566,169.44,135.983,140.513,136.982,165.573,136.639,123.011,137.674,169.326
175.496,223.192,170.528,175.496,35.0152,2.10577,0.172301,35.4333,169.838,173.304,43.8695,171.76,175.842,35.6274,173.655,175.942,130.169,225.759,223.192,170.528,126.722,52.2384,40.8928,169.772,131.582,49.7962,36.4345,169.44,135.983,39.487,43.0181,165.573,136.639,56.9889,42.3257,169.326
84.9514,86.3041,85.0045,98.376,43.4172,12.1657,6.25512,43.942,9.43298,3.52788,39.1158,3.47779,12.8322,44.364,10.5283,3.40669,86.7284,86.4629,96.1447,98.2887,57.6673,45.442,44.0346,7.63995,54.787,49.3456,45.4762,1.87079,51.0119,38.4629,49.3353,14.5072,51.1574,35.4318,38.8956,1.87963
355.496,316.785,9.4609,355.496,136.583,12.1657,173.745,136.058,9.43298,176.472,140.884,3.47779,167.168,135.636,10.5283,176.593,310.158,45.7701,316.785,9.4609,122.333,45.442,135.965,7.63995,125.213,49.3456,134.524,1.87079,128.988,38.4629,130.665,14.5072,128.843,35.4318,141.104,1.87963
31
2.03155e-07,2.49963e-07,2.07362e-07,2.04137e-07,2.52699e-07,2.10794e-07,2.10186e-07,2.54721e-07,2.12068e-07,2.10254e-07,2.55694e-07,2.12537e-07,2.10488e-07,2.58532e-07,2.16403e-07,2.11389e-07,2.76233e-07,2.50762e-07,2.08324e-07,2.78576e-07,2.51767e-07,2.08705e-07,2.89326e-07,2.55026e-07,2.09016e-07,2.93857e-07,2.57988e-07,2.10087e-07,2.98062e-07,2.59037e-07,2.1054e-07
-103.704,-112.373,-107.903,-106.471,-119.013,-115.215,-116.31,-120.965,-116.445,-116.375,-121.904,-116.898,-116.602,-124.642,-120.628,-117.471,-120.577,-116.361,-110.788,-126.837,-121.332,-115.155,-137.212,-124.477,-115.455,-141.585,-127.336,-116.489,-145.643,-128.348,-116.926
0,3.14159,3.14159,3.14159,2.80366,0.228868,0.339152,4.69478,5.75393,3.88207,0.915662,3.66393,1.49457,3.09534,2.1362,4.0874,6.28319,6.28319,6.28319,0.124185,1.27737,4.35955,1.82329,1.46633,3.73113,5.64466,3.13046,5.68454,5.9989,1.23954,3.17133
94.2343,93.4403,94.1482,97.0345,148.409,177.417,177.313,148.737,179.447,175.757,143.297,164.405,174.904,149.878,161.964,175.818,93.1128,95.7217,96.8924,132.521,148.521,164.661,142.171,141.967,165.942,138.538,154.258,164.298,136.067,141.66,171.64
180,215.698,168.402,180,31.5908,177.417,177.313,31.2631,0.553413,4.24296,36.7032,164.405,174.904,30.1216,161.964,175.818,137.266,215.698,168.402,132.521,31.4791,164.661,142.171,38.0334,165.942,138.538,25.7423,164.298,136.067,38.3396,171.64
85.7657,86.5597,85.8518,97.0345,33.9892,10.6976,5.27036,28.7602,8.78537,3.51228,38.7871,11.5798,4.77443,31.7446,3.75418,2.38666,86.8872,95.7217,96.8924,46.8516,36.9558,9.72322,43.4864,34.0908,9.21648,45.533,26.0686,17.0069,47.2804,35.6475,18.2025
0,324.279,11.587,0,146.011,10.6976,5.27036,151.24,8.78537,176.488,141.213,11.5798,4.77443,148.255,3.75418,2.38666,317.254,324.279,11.587,133.148,143.044,9.72322,136.514,145.909,9.21648,134.467,153.931,17.0069,132.72,144.352,18.2025
31
2.13813e-07,2.1795e-07,2.30179e-07,2.14747e-07,2.28303e-07,2.32715e-07,2.21994e-07,2.28852e-07,2.32973e-07,2.23751e-07,2.29227e-07,2.33406e-07,2.29245e-07,2.29686e-07,2.33599e-07,2.29259e-07,2.18866e-07,3.25162e-07,2.31046e-07,2.19969e-07,3.3188e-07,2.33347e-07,2.21856e-07,3.35468e-07,2.38988e-07,2.23239e-07,3.3769e-07,2.45731e-07,2.26798e-07,3.43587e-07,2.59876e-07
-104.148,-110.055,-111.209,-106.791,-124.046,-117.656,-117.785,-124.576,-117.906,-119.481,-124.938,-118.323,-124.783,-125.381,-118.509,-124.797,-113.461,-122.294,-114.96,-118.525,-132.778,-121.181,-120.347,-136.241,-126.624,-121.682,-138.385,-133.132,-125.117,-144.076,-146.784
0,3.14159,3.14159,3.14159,0.0933295,1.36889,5.4329,5.58974,3.15885,5.87295,1.59435,5.43371,2.11059,1.27998,3.31111,3.36045,6.28319,6.28319,6.28319,0.775228,1.93513,0.563048,5.49799,3.06619,5.68728,2.86843,4.30341,0.441215,4.16168,2.53182,4.52844
94.0229,93.9464,93.7364,96.6853,156.704,155.763,159.491,159.66,151.52,165.744,160.012,143.663,158.55,158.222,151.274,157.189,96.5589,92.644,96.2118,165.49,128.817,151.742,155.637,126.989,150.784,161.049,123.955,146.738,155.366,121.7,155.191
198.214,201.284,151.883,198.214,23.2957,155.763,20.5092,20.3404,151.52,14.2555,19.988,143.663,21.4499,21.7777,151.274,22.811,201.284,231.398,151.883,14.5105,51.1833,151.742,24.3629,53.011,150.784,18.9509,56.0452,146.738,24.6339,58.2996,155.191
85.9771,86.0536,86.2636,96.6853,21.8834,33.7473,17.0872,30.2268,27.6976,17.7409,13.1846,29.569,27.7305,19.9311,23.9023,16.7174,96.5589,87.356,96.2118,25.1173,48.8846,29.2939,24.7975,52.9166,23.485,26.1959,38.2037,34.8115,17.4741,55.2137,26.978
18.2141,338.693,28.1059,18.2141,158.117,33.7473,17.0872,149.773,27.6976,17.7409,166.815,29.569,27.7305,160.069,23.9023,16.7174,338.693,51.4094,28.1059,154.883,48.8846,29.2939,155.202,52.9166,23.485,153.804,38.2037,34.8115,162.526,55.2137,26.978
36
1.82539e-07,1.87373e-07,2.01461e-07,1.83632e-07,1.88949e-07,2.06941e-07,1.85912e-07,1.97342e-07,2.08314e-07,1.91334e-07,1.99284e-07,2.15802e-07,1.99182e-07,2.01096e-07,2.16848e-07,2.08848e-07,2.08313e-07,1.88438e-07,3.05507e-07,2.02451e-07,2.12435e-07,1.99597e-07,3.10765e-07,2.10238e-07,2.14808e-07,2.02665e-07,3.14743e-07,2.13033e-07,2.16851e-07,2.09282e-07,3.18127e-07,2.15533e-07,2.20801e-07,2.10334e-07,3.21375e-07,2.19021e-07
-102.774,-109.151,-110.344,-105.819,-114.671,-119.633,-112.019,-122.772,-120.958,-117.252,-124.645,-128.184,-124.826,-126.395,-129.194,-134.154,-117.632,-113.157,-121.841,-114.642,-125.61,-127.927,-130.916,-126.157,-127.9,-130.888,-134.755,-128.855,-129.872,-137.274,-138.021,-131.267,-133.684,-138.289,-141.155,-134.634
0,3.14159,3.14159,3.14159,2.39113,3.92982,1.27865,4.97552,4.22513,1.0386,3.28798,3.15048,0.439654,2.14951,4.4156,3.21754,6.28319,6.28319,6.28319,6.28319,1.50477,4.55007,0.479237,1.64757,4.98808,5.93151,6.25412,3.53893,5.21241,6.13331,2.39294,5.40971,0.427431,2.05475,3.16304,1.87365
94.7135,94.5917,94.27,97.8247,156.135,148.179,160.318,151.381,144.183,159.71,151.915,143.124,162.4,157.815,147.975,166.743,94.1293,97.6239,92.8143,97.0934,153.439,163.872,122.844,141.283,140.08,147.941,127.955,151.164,141.661,154.944,120.187,150.812,146.023,158.807,125.253,144.714
201.497,205.003,147.4,201.497,23.8647,148.179,19.6824,28.6192,144.183,20.29,28.0848,143.124,17.5997,22.1854,147.975,13.2567,144.547,205.003,236.296,147.4,153.439,16.1282,57.1557,141.283,140.08,32.0588,52.0449,151.164,141.661,25.056,59.8132,150.812,146.023,21.193,54.7466,144.714
85.2865,85.4083,85.73,97.8247,19.8415,39.5818,18.9957,8.69466,37.0475,19.0561,19.9871,32.5305,16.3316,33.5433,30.3662,24.7935,85.8707,97.6239,87.1857,97.0934,30.7312,26.7567,64.7533,33.8193,31.5856,22.1375,53.1363,30.5497,29.7049,16.1285,59.7275,34.0765,35.5239,21.7841,54.9588,29.9079
21.4973,334.974,32.589,21.4973,160.159,39.5818,18.9957,171.305,37.0475,19.0561,160.013,32.5305,16.3316,146.457,30.3662,24.7935,324.535,334.974,56.3075,32.589,149.269,153.243,64.7533,33.8193,148.414,157.862,53.1363,30.5497,150.295,163.872,59.7275,34.0765,144.476,158.216,54.9588,29.9079
36
1.52142e-07,1.57916e-07,1.74393e-07,1.53451e-07,1.61014e-07,1.82841e-07,1.5469e-07,1.66132e-07,1.83557e-07,1.62597e-07,1.71602e-07,1.94077e-07,1.64942e-07,1.74328e-07,1.9466e-07,1.75895e-07,1.82274e-07,1.59177e-07,2.88376e-07,1.75536e-07,1.82657e-07,1.67523e-07,2.88651e-07,1.82198e-07,1.83656e-07,1.68352e-07,2.93448e-07,1.85991e-07,1.90205e-07,1.81999e-07,2.94966e-07,1.86183e-07,1.98628e-07,1.9216e-07,2.97081e-07,1.87335e-07
-101.192,-108.077,-109.352,-104.762,-115.067,-121.505,-109.957,-120.006,-122.197,-117.589,-125.286,-132.35,-119.852,-127.917,-132.912,-130.423,-116.9,-112.831,-121.398,-114.257,-121.269,-124.886,-125.663,-124.687,-122.233,-125.686,-130.293,-128.347,-128.554,-138.857,-131.758,-128.533,-136.683,-148.663,-133.799,-129.644
0,3.14159,3.14159,3.14159,1.07745,4.72357,0.847731,5.30825,5.714,5.29156,2.91483,3.44615,2.0733,3.58702,0.165344,2.51511,6.28319,6.28319,6.28319,6.28319,2.22476,1.56325,2.70366,1.14105,1.53084,3.96201,3.17355,5.71434,0.747544,2.10751,4.47084,0.792302,0.444621,1.3368,1.37094,0.950901
95.6581,95.4506,94.9343,99.3763,146.968,145.849,153.348,149.981,146.429,150.875,145.162,143.182,156.126,148.221,141.374,149.645,94.7204,99.0362,92.9816,98.188,136.299,147.832,121.686,135.426,133.724,148.117,116.525,134.522,138.722,148.187,118.292,140.484,139.568,151.64,113.7,145.63
206.125,210.149,141.468,206.125,33.032,145.849,26.652,30.0187,146.429,29.1252,34.8378,143.182,23.8737,31.779,141.374,30.355,138.435,210.149,241.822,141.468,136.299,32.1682,58.314,135.426,133.724,31.8831,63.4749,134.522,138.722,31.8126,61.7077,140.484,139.568,28.3596,66.3001,145.63
84.3419,84.5494,85.0657,99.3763,33.5361,32.4329,28.234,26.7832,30.8865,29.5506,30.7411,33.4235,32.3143,29.0955,34.9144,25.0909,85.2796,99.0362,87.0184,98.188,29.3184,38.5421,63.0093,36.8859,51.1975,29.3938,51.3814,44.1645,33.4726,22.2828,66.1834,39.3574,42.0537,25.7907,62.1681,28.6514
26.125,329.828,38.5201,26.125,146.464,32.4329,28.234,153.217,30.8865,29.5506,149.259,33.4235,32.3143,150.905,34.9144,25.0909,318.424,329.828,61.8339,38.5201,150.682,141.458,63.0093,36.8859,128.802,150.606,51.3814,44.1645,146.527,157.717,66.1834,39.3574,137.946,154.209,62.1681,28.6514
36
1.23273e-07,1.30339e-07,1.49872e-07,1.24885e-07,1.31453e-07,1.50089e-07,1.25568e-07,1.33206e-07,1.50611e-07,1.2558e-07,1.3505e-07,1.51065e-07,1.31183e-07,1.35128e-07,1.63651e-07,1.32058e-07,1.58983e-07,1.31864e-07,2.74243e-07,1.512e-07,1.63658e-07,1.37108e-07,2.77785e-07,1.53307e-07,1.64792e-07,1.38859e-07,2.81549e-07,1.55998e-07,1.70168e-07,1.39741e-07,2.83378e-07,1.65457e-07,1.70416e-07,1.40664e-07,2.85419e-07,1.65972e-07
-99.3646,-106.785,-108.24,-103.632,-111.86,-112.449,-108.292,-113.552,-112.954,-108.303,-115.331,-113.392,-113.711,-115.407,-125.538,-114.556,-116.028,-112.42,-120.994,-113.767,-124.54,-121.481,-128.413,-119.801,-125.635,-123.171,-132.045,-122.398,-130.823,-124.022,-133.811,-131.527,-131.062,-124.913,-135.78,-132.024
0,3.14159,3.14159,3.14159,4.71966,0.951109,1.95154,1.78627,2.92041,5.04782,4.51927,6.18213,0.493533,0.142176,5.33963,6.06331,6.28319,6.28319,6.28319,6.28319,2.0483,3.0393,4.46375,4.26291,5.95293,1.37706,3.14411,4.28839,3.33297,2.5641,5.28188,4.32777,4.02256,5.55081,3.35531,0.383596
96.9891,96.6085,95.7441,101.548,154.235,137.247,149.416,147.317,130.551,140.354,136.135,138.359,139.541,141.715,131.308,144.067,95.4139,100.929,93.1354,99.5172,131.038,143.598,108.585,137.757,130.81,143.976,115.563,133.131,136.414,150.995,105.81,126.523,128.269,139.178,111.441,139.88
213.015,217.584,133.466,213.015,25.7648,137.247,30.5841,32.6834,130.551,39.6457,43.8651,138.359,40.4589,38.2854,131.308,35.9329,130.401,217.584,247.983,133.466,131.038,36.402,71.4152,137.757,130.81,36.024,64.4375,133.131,136.414,29.0045,74.1901,126.523,128.269,40.822,68.5587,139.88
83.0109,83.3915,84.2559,101.548,44.6017,43.943,33.1457,36.0589,49.4624,32.7127,37.4706,49.3528,42.5938,39.7455,49.919,32.2956,84.5861,100.929,86.8646,99.5172,49.6637,41.4545,71.6266,52.1637,58.9024,39.0932,70.7463,48.6091,55.0303,48.4398,73.4668,39.7708,46.3616,38.7408,69.9323,49.6397
33.0147,322.393,46.5226,33.0147,135.398,43.943,33.1457,143.941,49.4624,32.7127,142.529,49.3528,42.5938,140.255,49.919,32.2956,310.39,322.393,67.9944,46.5226,130.336,138.545,71.6266,52.1637,121.098,140.907,70.7463,48.6091,124.97,131.56,73.4668,39.7708,133.638,141.259,69.9323,49.6397
36
9.73001e-08,1.06119e-07,1.29353e-07,9.93344e-08,1.11753e-07,1.30804e-07,9.98011e-08,1.14918e-07,1.35742e-07,1.08187e-07,1.15782e-07,1.42758e-07,1.09503e-07,1.18452e-07,1.48419e-07,1.13181e-07,1.39819e-07,1.07987e-07,2.63591e-07,1.3089e-07,1.47968e-07,1.1249e-07,2.69283e-07,1.33433e-07,1.49884e-07,1.12584e-07,2.70991e-07,1.38367e-07,1.51935e-07,1.1374e-07,2.72124e-07,1.41892e-07,1.61622e-07,1.19094e-07,2.74506e-07,1.42351e-07
-97.3095,-105.273,-107.083,-102.481,-114.71,-112.484,-106.931,-117.765,-117.249,-115.025,-118.598,-124.02,-116.295,-121.175,-129.483,-119.845,-115.092,-111.83,-120.664,-113.175,-126.956,-120.175,-130.158,-119.629,-128.806,-120.267,-131.806,-124.391,-130.784,-121.382,-132.9,-127.793,-140.134,-126.549,-135.198,-128.236
0,3.14159,3.14159,3.14159,0.987172,3.13882,3.34603,1.65666,5.94356,5.0806,4.13405,4.72648,6.00277,2.59039,2.04383,5.5645,6.28319,6.28319,6.28319,6.28319,4.57896,0.965348,1.88458,1.9875,0.0885678,4.60918,3.28191,4.09027,1.85211,4.68752,3.23554,2.76796,3.50512,0.548302,0.0481446,4.72086
98.8682,98.126,96.6591,104.577,129.145,129.314,136.576,125.635,126.303,129.612,126.584,122.707,139.933,133.01,124.474,127.858,96.1586,103.386,93.2623,101.011,117.971,128.036,103.06,122.802,124.011,138.261,108.841,131.885,123.024,131.33,105.915,134.071,123.725,127.386,114.786,122.035
223.904,228.748,122.615,223.904,50.8552,129.314,43.424,54.3653,126.303,50.3878,53.4163,122.707,40.0666,46.9903,124.474,52.1424,119.878,228.748,254.727,122.615,117.971,51.9639,76.9401,122.802,124.011,41.7388,71.1585,131.885,123.024,48.6696,74.0853,134.071,123.725,52.6137,65.2141,122.035
81.1318,81.874,83.3409,104.577,50.3304,65.4445,48.0543,48.3343,61.8169,48.2105,54.2745,62.2715,43.5776,45.949,55.6957,47.4291,83.8414,103.386,86.7377,101.011,55.1331,55.3849,80.9387,66.5341,59.5165,46.9766,77.1538,62.9297,61.6338,44.4353,72.0293,55.9239,58.4755,47.7855,75.5112,55.5425
43.9042,311.229,57.374,43.9042,129.67,65.4445,48.0543,131.666,61.8169,48.2105,125.725,62.2715,43.5776,134.051,55.6957,47.4291,299.866,311.229,74.7386,57.374,124.867,124.615,80.9387,66.5341,120.484,133.023,77.1538,62.9297,118.366,135.565,72.0293,55.9239,121.524,132.215,75.5112,55.5425
