36
1.32749e-07,1.59625e-07,1.40464e-07,1.33125e-07,1.60717e-07,1.45598e-07,1.35924e-07,1.64635e-07,1.50847e-07,1.39737e-07,1.64883e-07,1.54097e-07,1.39775e-07,1.67034e-07,1.57705e-07,1.42127e-07,2.76369e-07,1.70134e-07,1.40819e-07,1.59937e-07,2.77039e-07,1.70504e-07,1.50444e-07,1.63533e-07,2.77884e-07,1.72707e-07,1.52261e-07,1.64078e-07,2.82198e-07,1.74699e-07,1.59467e-07,1.65376e-07,2.82477e-07,1.75842e-07,1.69702e-07,1.66054e-07
-100.008,-108.721,-107.283,-101.78,-113.775,-116.239,-108.481,-117.556,-121.304,-112.161,-117.795,-124.441,-112.198,-119.872,-127.923,-114.468,-121.05,-116.536,-110.591,-112.183,-125.697,-120.894,-123.88,-119.653,-126.512,-123.02,-125.633,-120.178,-130.675,-124.942,-132.587,-121.431,-130.945,-126.045,-142.465,-122.086
0,3.14159,3.14159,3.14159,1.59349,2.34544,6.05311,2.83251,4.02231,2.0384,3.24682,2.05091,0.677857,3.15764,3.15834,4.4033,6.28319,6.28319,6.28319,6.28319,2.7613,0.810429,6.18244,1.79609,4.00397,4.75874,5.0899,1.43205,3.00557,5.57609,2.87619,5.02294,4.69682,4.17625,5.63994,5.61088
90,90,90,94.308,44.3822,39.7595,29.2744,51.4448,36.4818,33.7207,43.2966,32.1201,24.9763,40.1985,29.9256,30.1221,90,90,94.0722,93.5847,60.9178,52.3447,34.8342,40.6027,69.0472,41.2247,30.3622,30.4672,61.3557,45.1741,31.9699,35.7603,72.0246,39.3088,41.1113,41.7062
28.4956,316.942,33.8403,28.4956,135.618,39.7595,29.2744,128.555,36.4818,33.7207,136.703,32.1201,24.9763,139.801,29.9256,30.1221,65.0298,313.275,33.8403,316.942,60.9178,127.655,34.8342,139.397,69.0472,138.775,30.3622,149.533,61.3557,134.826,31.9699,144.24,72.0246,140.691,41.1113,138.294
90,90,90,94.308,132.011,148.85,143.945,134.616,148.042,147.611,128.209,150.606,151.942,136.996,141.386,149.654,90,90,94.0722,93.5847,111.689,138.159,145.072,135.178,111.8,129.396,139.054,138.702,112.242,138.115,148.815,125.471,121.608,131.794,142.565,132.485
208.496,223.035,146.148,208.496,47.9888,148.85,36.0546,45.3836,148.042,32.3889,51.791,150.606,28.0577,43.0036,141.386,30.3458,245.018,133.287,146.148,223.035,68.3114,138.159,145.072,44.8218,68.1999,129.396,139.054,41.2979,67.7577,138.115,148.815,54.5291,58.3915,131.794,142.565,47.5155
36
9.19541e-08,1.27726e-07,1.02783e-07,9.24962e-08,1.29014e-07,1.03726e-07,9.31257e-08,1.39105e-07,1.07128e-07,9.81866e-08,1.40174e-07,1.15793e-07,1.06256e-07,1.42062e-07,1.17143e-07,1.08285e-07,2.59248e-07,1.40646e-07,1.03268e-07,1.28117e-07,2.62418e-07,1.41291e-07,1.03481e-07,1.34678e-07,2.64357e-07,1.43695e-07,1.04446e-07,1.45371e-07,2.65481e-07,1.44301e-07,1.10868e-07,1.5267e-07,2.68363e-07,1.45668e-07,1.12619e-07,1.53095e-07
-96.8186,-106.984,-105.016,-99.3081,-112.227,-109.927,-103.916,-121.966,-113.21,-108.8,-122.998,-121.572,-116.588,-124.82,-122.875,-118.546,-120.521,-115.162,-109.36,-111.028,-127.58,-119.785,-113.566,-121.361,-129.452,-122.105,-114.497,-131.68,-130.537,-122.689,-120.695,-138.725,-133.317,-124.009,-122.385,-139.135
0,3.14159,3.14159,3.14159,2.93611,2.64704,4.47367,4.52739,5.92244,5.50107,3.28295,1.81991,5.40521,3.31125,3.25902,5.81414,6.28319,6.28319,6.28319,6.28319,3.75499,1.5999,1.13991,4.24695,5.40901,2.51482,1.74994,0.0386685,5.47441,3.8348,6.22972,2.10772,4.0044,4.0246,3.26726,0.474234
90,90,90,96.2065,60.153,52.2862,40.9975,63.6736,44.6395,44.8482,63.8947,51.964,47.0299,49.1441,49.1403,32.1548,90,90,95.557,94.4767,78.3896,68.0492,47.4777,62.1427,65.4706,61.8506,48.6673,62.5887,80.7012,75.5086,49.8641,52.6652,80.5574,55.5528,50.6507,56.25
43.5312,301.445,49.5614,43.5312,119.847,52.2862,40.9975,116.326,44.6395,44.8482,116.105,51.964,47.0299,130.856,49.1403,32.1548,75.0984,298.277,49.5614,301.445,78.3896,111.951,47.4777,117.857,65.4706,118.149,48.6673,117.411,80.7012,104.491,49.8641,127.335,80.5574,124.447,50.6507,123.75
90,90,90,96.2065,117.72,132.469,127.964,123.112,120.633,133.2,115.343,133.207,135.578,127.416,132.621,131.549,90,90,95.557,94.4767,107.168,124.578,132.09,116.315,98.1099,106.41,126.777,119.959,104.621,123.731,127.52,125.351,111.181,122.408,131.927,125.641
223.531,238.532,130.427,223.531,62.2803,132.469,52.0365,56.8885,120.633,46.7995,64.6572,133.207,44.4215,52.5842,132.621,48.4505,255.087,118.288,130.427,238.532,72.832,124.578,132.09,63.6854,81.8901,106.41,126.777,60.0406,75.3793,123.731,127.52,54.6486,68.8187,122.408,131.927,54.3587
36
6.54896e-08,1.10217e-07,7.99906e-08,6.62487e-08,1.11534e-07,8.12177e-08,6.91336e-08,1.18435e-07,8.43259e-08,6.92712e-08,1.19696e-07,8.54395e-08,7.17933e-08,1.20597e-07,8.61902e-08,7.4273e-08,2.51077e-07,1.24967e-07,8.06132e-08,1.1067e-07,2.56996e-07,1.26577e-07,8.24434e-08,1.15086e-07,2.59241e-07,1.36842e-07,8.31898e-08,1.16048e-07,2.60495e-07,1.39416e-07,8.9866e-08,1.21257e-07,2.60692e-07,1.45274e-07,9.02517e-08,1.23429e-07
-93.8707,-105.743,-102.959,-97.2446,-111.014,-108.143,-104.029,-117.675,-111.143,-104.162,-118.892,-112.218,-106.596,-119.761,-112.942,-108.989,-120.246,-114.186,-107.998,-110.103,-129.959,-119.74,-113.764,-118.366,-132.126,-129.647,-114.485,-119.294,-133.336,-132.131,-120.928,-124.321,-133.526,-137.784,-121.3,-126.417
0,3.14159,3.14159,3.14159,4.84313,5.55044,4.90109,0.365554,0.853084,2.72374,0.28182,4.60945,4.88643,5.58772,0.464395,1.8241,6.28319,6.28319,6.28319,6.28319,1.21661,0.116949,0.246234,0.717405,3.7946,0.649842,6.07329,1.8689,1.75451,1.4851,3.78459,3.41971,0.317122,4.03876,4.10099,1.15565
90,90,90,98.6818,85.6312,76.3653,76.5507,77.0639,76.3568,77.0268,80.767,88.6367,79.9842,80.9467,79.8114,75.3516,90,90,97.1258,95.1843,80.5716,83.0876,81.4049,80.6351,84.182,80.6807,79.512,79.8788,81.7648,81.2529,80.7856,82.935,91.1766,83.4488,78.6378,86.5389
75.2564,278.679,77.9728,75.2564,94.3688,76.3653,76.5507,102.936,76.3568,77.0268,99.233,88.6367,79.9842,99.0533,79.8114,75.3516,86.1935,277.646,77.9728,278.679,80.5716,96.9124,81.4049,99.3649,84.182,99.3193,79.512,100.121,81.7648,98.7471,80.7856,97.065,91.1766,96.5512,78.6378,93.4611
90,90,90,98.6818,103.463,86.5332,103.533,99.7049,98.7222,104.654,95.6528,107.879,98.4084,94.1144,103.935,110.373,90,90,97.1258,95.1843,91.2812,97.9765,106.815,98.987,90.4538,97.8776,100.223,98.0966,92.1939,96.3662,109.535,88.957,98.6726,91.2424,103.302,92.636
255.256,261.298,102.016,255.256,76.5372,86.5332,76.4674,80.2951,98.7222,75.3456,84.3472,107.879,81.5916,85.8856,103.935,69.6274,266.182,97.6577,102.016,261.298,88.7188,97.9765,106.815,81.013,89.5462,97.8776,100.223,81.9034,87.8061,96.3662,109.535,91.043,81.3274,91.2424,103.302,87.364
36
7.15697e-08,1.13937e-07,8.50454e-08,7.22649e-08,1.17013e-07,8.53854e-08,7.38292e-08,1.2177e-07,8.9803e-08,7.97663e-08,1.26808e-07,8.99465e-08,8.23394e-08,1.26907e-07,9.05804e-08,8.48453e-08,2.52724e-07,8.56313e-08,1.28267e-07,1.14375e-07,2.54636e-07,8.59242e-08,1.42285e-07,1.15108e-07,2.55576e-07,9.31187e-08,1.51677e-07,1.18447e-07,2.57816e-07,9.50384e-08,1.53131e-07,1.28197e-07,2.69325e-07,9.70253e-08,1.54605e-07,1.34243e-07
-94.6418,-106.029,-103.481,-97.7614,-112.997,-107.809,-103.271,-117.588,-112.072,-109.001,-122.451,-112.211,-111.484,-122.546,-112.823,-113.903,-120.303,-108.364,-114.409,-110.322,-126.148,-112.647,-131.938,-115.03,-127.055,-119.59,-141.002,-118.252,-129.217,-121.443,-142.405,-127.662,-140.324,-123.36,-143.828,-133.497
0,3.14159,3.14159,3.14159,4.49066,6.17109,0.985718,0.878339,3.06169,0.677413,2.21653,5.69283,3.8265,0.624588,1.27604,4.50831,6.28319,6.28319,6.28319,6.28319,0.543946,6.09829,4.24942,0.281731,4.32863,2.61054,1.54939,4.85825,3.17214,3.76516,4.01512,4.27589,5.4884,0.701962,6.21583,0.678565
90,90,90,97.9541,101.209,114.854,115.815,103.683,112.101,116.508,113.061,107.439,108.945,98.7815,111.642,112.677,90,96.7063,90,95.0159,95.0906,118.088,100.994,112.544,96.1809,110.094,108.02,105.584,100.396,110.531,108.802,101.751,98.1254,116.773,100.925,103.111
117.759,252.971,113.075,117.759,78.7909,114.854,115.815,76.3171,112.101,116.508,66.9385,107.439,108.945,81.2185,111.642,112.677,97.5788,113.075,254.919,252.971,95.0906,118.088,79.0056,67.4561,96.1809,110.094,71.9803,74.4165,100.396,110.531,71.1977,78.2489,98.1254,116.773,79.0748,76.889
90,90,90,97.9541,66.0701,63.6994,60.2663,75.3194,69.9985,56.4524,75.2736,70.5427,66.1147,63.0197,64.8001,54.2984,90,96.7063,90,95.0159,74.543,64.3296,77.8832,69.8795,81.9831,65.4512,79.5924,70.9645,72.2651,72.151,76.6202,87.2615,79.3934,71.5535,80.0066,63.0116
297.759,287.006,66.9139,297.759,113.93,63.6994,119.734,104.681,69.9985,123.548,104.726,70.5427,113.885,116.98,64.8001,125.702,277.567,66.9139,74.9308,287.006,105.457,64.3296,77.8832,110.12,98.0169,65.4512,79.5924,109.035,107.735,72.151,76.6202,92.7385,100.607,71.5535,80.0066,116.988
21
9.71825e-08,1.26837e-07,9.76957e-08,1.32805e-07,9.99244e-08,1.33447e-07,1.00756e-07,1.33498e-07,1.01256e-07,1.36363e-07,1.03368e-07,2.51389e-07,1.27231e-07,2.53798e-07,1.29608e-07,2.55218e-07,1.31626e-07,2.55707e-07,1.33319e-07,2.57188e-07,1.38971e-07
-97.299,-106.834,-99.6657,-116.594,-105.817,-117.213,-106.619,-117.262,-107.102,-120.027,-109.14,-120.247,-110.781,-126.572,-117.075,-127.942,-119.023,-128.414,-120.657,-129.843,-126.111
0,3.14159,3.14159,4.3279,3.35555,3.61925,3.60576,2.09115,4.09821,3.16557,4.81906,6.28319,6.28319,4.22918,4.41292,3.35933,3.03908,0.119627,5.12521,4.50249,0.662022
90,90,95.875,130.119,158.524,127.551,159.492,126.22,151.81,129.238,140.156,90,94.5079,113.204,129.727,104.575,123.05,108.047,131.755,102.032,128.945
149.036,228.91,149.036,49.8814,158.524,52.4486,159.492,53.7798,151.81,50.7624,140.156,109.358,228.91,113.204,50.2732,104.575,56.9503,108.047,48.2455,102.032,51.055
90,90,95.875,49.535,29.7371,54.6455,34.8942,60.9698,32.8428,56.727,27.4284,90,94.5079,66.4946,44.6733,73.9664,54.2418,68.5512,44.0899,72.9709,42.7422
329.036,311.067,329.036,130.465,150.263,125.354,145.106,119.03,147.157,123.273,152.572,289.347,311.067,113.505,135.327,106.034,125.758,111.449,135.91,107.029,137.258
31
1.01379e-07,1.04102e-07,1.87187e-07,1.01871e-07,1.05592e-07,1.89268e-07,1.04189e-07,1.06376e-07,1.90377e-07,1.04495e-07,1.09639e-07,1.91512e-07,1.08121e-07,1.09661e-07,1.94242e-07,1.08194e-07,1.04582e-07,2.27074e-07,1.87454e-07,1.05521e-07,2.34069e-07,1.93306e-07,1.07696e-07,2.37207e-07,1.93949e-07,1.13009e-07,2.41164e-07,1.95496e-07,1.14862e-07,2.41311e-07,1.99685e-07
-97.6662,-102.869,-110.299,-99.9428,-108.307,-116.308,-106.18,-109.063,-117.378,-106.475,-112.213,-118.473,-109.974,-112.234,-121.108,-110.045,-105.559,-119.337,-113.779,-110.466,-130.088,-123.426,-112.565,-133.115,-124.047,-117.693,-136.935,-125.54,-119.481,-137.077,-129.583
0,3.14159,3.14159,3.14159,4.33331,0.0720073,2.72968,3.66214,4.26142,2.24962,1.63341,4.3019,6.15774,2.18141,6.15897,3.41548,6.28319,6.28319,6.28319,1.57857,3.63376,0.226029,5.62056,3.29614,4.35586,3.94231,4.48344,3.83984,0.883057,3.67553,3.23534
90,90,90,95.6334,162.599,122.16,166.277,160.744,126.208,174.627,157.562,125.718,164.235,157.363,125.946,168.789,95.487,90,93.058,163.045,111.626,116.289,157.151,110.785,117.913,164.071,119.471,115.942,157.444,119.872,113.465
189.462,196.134,122.285,189.462,17.401,122.16,13.7231,19.2563,126.208,5.37323,22.4375,125.718,15.7652,22.6373,125.946,11.2113,196.134,243.856,122.285,16.9549,68.3737,116.289,22.8487,69.2154,117.913,15.9289,60.5286,115.942,22.5563,60.1278,113.465
90,90,90,95.6334,24.403,66.7305,9.22556,16.5875,60.53,22.8482,23.0108,56.0425,6.13548,14.1874,64.0275,3.84496,95.487,90,93.058,24.2348,65.2566,60.9504,14.08,62.4866,64.2364,18.9728,69.5965,65.6781,18.3186,70.5436,69.9302
9.46232,343.843,57.7035,9.46232,155.597,66.7305,9.22556,163.412,60.53,22.8482,156.989,56.0425,6.13548,165.813,64.0275,3.84496,343.843,63.8676,57.7035,155.765,65.2566,60.9504,165.92,62.4866,64.2364,161.027,69.5965,65.6781,161.681,70.5436,69.9302
41
8.49837e-08,8.82182e-08,1.78835e-07,8.557e-08,9.11505e-08,1.86788e-07,8.60721e-08,9.1933e-08,1.897e-07,8.62596e-08,9.75975e-08,1.92271e-07,8.93531e-08,1.01329e-07,1.9465e-07,9.23479e-08,1.89782e-07,8.87832e-08,2.20246e-07,3.01511e-07,1.79114e-07,1.90488e-07,9.10444e-08,2.24325e-07,3.05031e-07,1.83445e-07,1.90976e-07,9.16422e-08,2.27737e-07,3.06662e-07,1.83521e-07,1.91023e-07,9.27237e-08,2.29509e-07,3.18478e-07,1.86397e-07,2.08937e-07,9.4298e-08,2.36518e-07,3.20541e-07,1.90846e-07
-96.1339,-101.918,-109.924,-98.8082,-108.748,-121.6,-103.293,-109.503,-124.41,-103.474,-114.97,-126.891,-106.459,-118.571,-129.187,-109.35,-117.779,-105.155,-119.09,-128.408,-113.487,-122.46,-111.338,-127.027,-135.805,-121.667,-122.932,-111.915,-130.32,-137.38,-121.74,-122.977,-112.958,-132.03,-148.783,-124.516,-140.266,-114.478,-138.795,-150.774,-128.81
0,3.14159,3.14159,3.14159,5.36975,2.80652,0.135255,1.67706,0.424029,6.08093,2.20895,5.74947,1.78145,0.519917,2.55995,1.92909,6.28319,6.28319,6.28319,6.28319,6.28319,4.55687,1.18783,3.2576,4.01483,2.81704,0.735343,0.507269,0.507532,3.30675,0.29245,0.00697058,5.51918,3.61163,3.0509,6.08882,0.35286,0.109317,1.54995,4.4936,0.290429
90,90,90,96.7111,148.768,125.563,163.669,158.216,119.893,160.795,164.991,125.345,156.654,150.246,116.499,169.846,90,96.4672,90,90,93.2005,111.075,166.697,114.231,27.2389,115.359,116.885,160.869,111.313,34.6273,117.641,115.203,163.243,113.574,39.7197,113.888,119.893,160.747,103.937,29.8631,114.094
191.31,199.151,117.767,191.31,31.2316,125.563,16.331,21.7839,119.893,19.2045,15.0089,125.345,23.3463,29.7542,116.499,10.1539,116.041,199.151,247.752,31.6566,117.767,111.075,13.3035,65.7686,27.2389,115.359,116.885,19.1315,68.6868,34.6273,117.641,115.203,16.7572,66.4258,39.7197,113.888,119.893,19.253,76.0626,29.8631,114.094
90,90,90,96.7111,17.0234,64.6974,7.74066,18.3057,59.8422,10.1891,24.5415,64.7108,13.9945,14.0756,58.0975,8.23586,90,96.4672,90,90,93.2005,73.9675,29.79,60.7416,24.3269,61.8693,63.7072,8.71683,62.5817,34.6594,55.5437,65.3342,16.0609,70.7464,33.8132,66.4908,72.7333,12.543,64.7441,23.2222,70.8021
11.3099,340.826,62.2212,11.3099,162.977,64.6974,7.74066,161.694,59.8422,10.1891,155.458,64.7108,13.9945,165.924,58.0975,8.23586,296.029,340.826,67.7636,31.6451,62.2212,106.033,150.21,60.7416,24.3269,61.8693,116.293,171.283,62.5817,34.6594,55.5437,114.666,163.939,70.7464,33.8132,66.4908,107.267,167.457,64.7441,23.2222,70.8021
41
6.87184e-08,7.26852e-08,1.71698e-07,6.94422e-08,8.06214e-08,1.73771e-07,6.99419e-08,8.20706e-08,1.73843e-07,7.15481e-08,8.21671e-08,1.82004e-07,7.53635e-08,8.27718e-08,1.82334e-07,7.71186e-08,1.83085e-07,7.33699e-08,2.14497e-07,2.60273e-07,1.71989e-07,1.83645e-07,7.58711e-08,2.15236e-07,2.60955e-07,1.73107e-07,1.92656e-07,7.63131e-08,2.18269e-07,2.61362e-07,1.74489e-07,1.94098e-07,8.02503e-08,2.20936e-07,2.61702e-07,1.77384e-07,1.95147e-07,8.24988e-08,2.2245e-07,2.65284e-07,1.80715e-07
-94.2887,-100.778,-109.584,-97.5226,-112.437,-115.584,-102.005,-113.836,-115.653,-103.555,-113.929,-123.53,-107.237,-114.513,-123.848,-108.931,-117.488,-104.765,-118.871,-128.767,-113.217,-122.028,-111.179,-123.584,-133.426,-118.296,-130.725,-111.606,-126.511,-133.818,-119.629,-132.116,-115.406,-129.085,-134.146,-122.423,-133.128,-117.576,-130.546,-137.604,-125.638
0,3.14159,3.14159,3.14159,5.56132,2.93707,2.02094,1.44762,0.274857,4.08002,1.72064,3.61274,1.5524,4.16824,3.10887,2.89372,6.28319,6.28319,6.28319,6.28319,6.28319,0.348988,0.133459,4.2495,5.72016,3.33119,2.23934,2.50528,2.89844,2.93681,5.04943,0.292912,2.83349,1.66756,1.60349,2.22978,3.09119,3.7801,3.69883,5.86646,5.68095
90,90,90,98.2796,161.753,111.426,169.192,151.178,118.241,169.333,150.988,113.549,167.408,157.522,120.388,161.735,90,97.8335,90,90,93.3332,109.443,162.225,103.525,42.52,117.352,106.709,155.032,103.736,29.9236,120.997,112.144,157.178,105.604,43.7333,111.47,111.36,153.475,108.618,34.9885,117.933
194.036,203.475,112.841,194.036,18.2467,111.426,10.8075,28.8219,118.241,10.6673,29.0122,113.549,12.5916,22.4776,120.388,18.2649,111.348,203.475,251.877,37.4419,112.841,109.443,17.7747,76.4755,42.52,117.352,106.709,24.9678,76.2643,29.9236,120.997,112.144,22.8217,74.3964,43.7333,111.47,111.36,26.5254,71.3823,34.9885,117.933
90,90,90,98.2796,13.4408,65.1298,10.1695,23.3628,64.6593,12.6021,24.2064,74.3266,13.5645,25.3957,65.0615,10.9661,90,97.8335,90,90,93.3332,75.6354,29.7937,75.4844,40.4912,64.8052,68.9913,30.6794,73.1125,36.8346,61.2001,65.4578,25.224,62.9077,38.8907,59.7018,64.0047,20.3852,74.7262,33.8895,70.3281
14.0362,336.502,67.1475,14.0362,166.559,65.1298,10.1695,156.637,64.6593,12.6021,155.794,74.3266,13.5645,154.604,65.0615,10.9661,291.337,336.502,71.8883,37.4304,67.1475,104.365,150.206,75.4844,40.4912,64.8052,111.009,149.321,73.1125,36.8346,61.2001,114.542,154.776,62.9077,38.8907,59.7018,115.995,159.615,74.7262,33.8895,70.3281
41
5.27046e-08,5.77875e-08,1.65935e-07,5.36449e-08,5.82397e-08,1.69569e-07,5.58921e-08,6.03822e-08,1.69906e-07,5.91578e-08,6.39338e-08,1.71599e-07,6.03101e-08,6.43458e-08,1.72705e-07,6.03737e-08,1.77703e-07,5.86463e-08,2.09918e-07,2.22655e-07,1.66236e-07,1.90302e-07,6.19243e-08,2.12276e-07,2.26357e-07,1.68772e-07,1.90713e-07,6.44615e-08,2.14257e-07,2.28364e-07,1.69039e-07,1.94046e-07,6.64082e-08,2.18659e-07,2.31041e-07,1.70637e-07,1.95993e-07,6.8033e-08,2.20692e-07,2.31992e-07,1.74384e-07
-91.9842,-99.3512,-109.294,-96.0545,-103.788,-116.801,-102.223,-105.855,-117.127,-105.375,-109.283,-118.76,-106.487,-109.681,-119.828,-106.548,-117.239,-104.355,-118.689,-128.9,-112.982,-133.398,-111.519,-124.964,-136.474,-119.43,-133.794,-113.967,-126.876,-138.41,-119.687,-137.011,-115.846,-131.125,-140.994,-121.23,-138.89,-117.414,-133.086,-141.912,-124.846
0,3.14159,3.14159,3.14159,6.15828,5.15611,3.01385,3.06033,4.15433,3.84688,2.79449,5.32926,4.80791,3.74569,1.45456,2.37932,6.28319,6.28319,6.28319,6.28319,6.28319,2.4258,3.06124,2.31579,2.75131,3.36355,5.59177,0.290759,1.71197,3.53233,4.25366,3.51339,5.93616,4.34016,1.35486,4.02247,4.1724,3.65684,4.81398,1.40475,4.37368
90,90,90,100.743,150.033,106.926,162.183,147.215,94.1793,168.542,140.851,113.38,156.696,153.098,115.721,166.967,90,99.8177,90,90,93.4487,109.802,147.965,103.213,52.0958,110.754,107.34,163.465,105.416,53.4781,105.118,109.024,161.607,95.788,39.0331,106.055,104.106,148.835,105.151,47.21,112.4
198.435,210.085,107.531,198.435,29.9671,106.926,17.8165,32.7847,94.1793,11.4584,39.149,113.38,23.3037,26.9018,115.721,13.0332,106.336,210.085,256.205,45.2873,107.531,109.802,32.0354,76.7872,52.0958,110.754,107.34,16.5353,74.5839,53.4781,105.118,109.024,18.3929,84.212,39.0331,106.055,104.106,31.1646,74.8492,47.21,112.4
90,90,90,100.743,29.7303,65.869,14.4124,24.4214,71.2543,6.30507,27.9191,71.4766,21.9699,25.3175,72.7667,18.7864,90,99.8177,90,90,93.4487,66.0384,38.571,75.3667,47.5976,72.6073,63.37,33.0531,88.0806,39.9202,76.133,59.3393,35.2237,75.3081,44.5607,75.7001,74.891,28.1062,76.2174,51.0272,67.4082
18.4349,329.892,72.4578,18.4349,150.27,65.869,14.4124,155.579,71.2543,6.30507,152.081,71.4766,21.9699,154.682,72.7667,18.7864,286.325,329.892,76.2164,45.2758,72.4578,113.962,141.429,75.3667,47.5976,72.6073,116.63,146.947,88.0806,39.9202,76.133,120.661,144.776,75.3081,44.5607,75.7001,105.109,151.894,76.2174,51.0272,67.4082
36
3.72678e-08,4.41723e-08,1.61691e-07,3.85861e-08,5.43518e-08,1.6941e-07,4.12506e-08,5.83447e-08,1.69909e-07,4.13769e-08,5.98156e-08,1.70569e-07,4.34132e-08,6.29933e-08,1.74073e-07,4.37645e-08,1.7376e-07,4.52901e-08,2.06585e-07,1.62e-07,1.74835e-07,4.91134e-08,2.16989e-07,1.64884e-07,1.74989e-07,5.37222e-08,2.28051e-07,1.65507e-07,1.78981e-07,5.93442e-08,2.30528e-07,1.71759e-07,1.7909e-07,6.1837e-08,2.32879e-07,1.81731e-07
-88.9739,-97.5088,-109.072,-94.3824,-111.333,-120.522,-100.954,-115.187,-121.003,-101.076,-116.606,-121.64,-103.041,-119.673,-125.021,-103.38,-117.048,-103.786,-118.552,-112.799,-122.086,-111.476,-132.592,-119.583,-122.234,-115.924,-143.268,-120.184,-126.087,-121.35,-145.659,-126.218,-126.192,-123.756,-147.928,-135.842
0,3.14159,3.14159,3.14159,2.86025,2.19173,1.27829,3.72316,4.57538,3.63013,1.55081,4.26611,4.3248,4.15225,6.2665,0.206095,6.28319,6.28319,6.28319,6.28319,5.54525,0.538178,2.93709,1.34093,1.33951,0.929773,1.51843,0.316922,5.24863,4.06925,4.62766,1.29756,5.55308,1.15394,6.01986,2.19332
90,90,90,105.02,143.752,103.284,145.794,129.336,109.639,150.864,151.912,96.0118,153.057,132.411,96.0632,145.624,90,102.756,90,93.539,97.8592,139.99,101.762,101.089,93.6972,142.986,95.816,104.466,102.139,132.474,94.1771,105.35,99.6409,139.513,109.029,104.836
206.565,221.003,101.891,206.565,36.2481,103.284,34.2059,50.6644,109.639,29.1358,28.0882,96.0118,26.9428,47.5891,96.0632,34.376,101.054,221.003,260.699,101.891,97.8592,40.01,78.2383,101.089,93.6972,37.0141,84.184,104.466,102.139,47.526,85.8229,105.35,99.6409,40.4875,70.9709,104.836
90,90,90,105.02,47.9506,75.1053,31.1799,44.0151,68.8659,29.6259,44.3719,75.1465,26.7697,45.4098,75.9124,26.4677,90,102.756,90,93.539,78.7275,33.1885,85.4792,76.4113,73.1147,40.748,71.8176,70.6751,78.1749,44.2478,86.7156,80.3918,77.5518,39.4839,87.8088,82.6817
26.5651,318.974,78.0978,26.5651,132.049,75.1053,31.1799,135.985,68.8659,29.6259,135.628,75.1465,26.7697,134.59,75.9124,26.4677,281.043,318.974,80.7105,78.0978,101.273,146.812,85.4792,76.4113,106.885,139.252,71.8176,70.6751,101.825,135.752,86.7156,80.3918,102.448,140.516,87.8088,82.6817
36
8.06915e-08,1.19918e-07,9.28355e-08,8.13087e-08,1.19971e-07,9.37112e-08,8.73206e-08,1.20461e-07,1.08037e-07,8.74307e-08,1.39287e-07,1.2671e-07,8.78295e-08,1.41364e-07,1.35814e-07,9.06229e-08,2.55476e-07,1.33595e-07,9.33725e-08,1.20334e-07,2.55781e-07,1.34089e-07,9.37561e-08,1.35575e-07,2.5584e-07,1.34854e-07,9.59092e-08,1.35862e-07,2.57694e-07,1.35133e-07,9.69583e-08,1.36949e-07,2.61926e-07,1.3527e-07,9.8619e-08,1.40422e-07
-95.6838,-106.462,-104.206,-98.4861,-110.513,-109.051,-108.288,-110.986,-122.877,-108.394,-129.155,-140.899,-108.779,-131.16,-149.685,-111.475,-120.396,-114.748,-108.85,-110.648,-124.69,-119.226,-113.221,-129.357,-124.747,-119.964,-115.299,-129.634,-126.537,-120.233,-116.311,-130.683,-130.62,-120.365,-117.914,-134.035
0,3.14159,3.14159,3.14159,0.730236,5.8878,6.19881,0.321167,3.99945,2.24357,2.44304,0.897245,3.51661,0.809473,5.87022,3.0909,6.28319,6.28319,6.28319,6.28319,4.95765,1.74347,1.60164,1.42164,5.85813,5.60898,6.27971,0.485828,1.527,3.5841,1.16288,4.82797,2.13468,2.65839,3.87547,2.46703
90,90,90,97.0646,111.614,116.601,123.242,113.632,120.246,127.95,112.378,126.768,128.268,118.782,123.283,126.214,90,90,96.148,94.7669,102.494,110.328,121.265,109.78,99.7586,115.653,121.572,116.589,108.186,108.644,123.574,100.845,101.346,115.304,120.851,110.386
128.29,245.34,122.586,128.29,68.3856,116.601,123.242,66.3679,120.246,127.95,67.6216,126.768,128.268,61.2181,123.283,126.214,101.286,248.003,122.586,245.34,102.494,69.6725,121.265,70.2198,99.7586,64.3466,121.572,63.4105,108.186,71.3556,123.574,79.1551,101.346,64.6959,120.851,69.6137
90,90,90,97.0646,64.8614,47.5365,49.1721,66.7746,62.974,52.6871,55.0295,61.4268,50.4651,65.6945,52.9791,52.3578,90,90,96.148,94.7669,79.3896,78.3184,67.1761,64.6392,76.886,72.9532,55.0006,68.4343,75.916,70.6095,53.0776,60.7483,82.0841,67.977,58.3275,63.5545
308.29,294.637,57.4021,308.29,115.139,47.5365,130.828,113.225,62.974,127.313,124.97,61.4268,129.535,114.306,52.9791,127.642,281.275,68.0145,57.4021,294.637,100.61,78.3184,67.1761,115.361,103.114,72.9532,55.0006,111.566,104.084,70.6095,53.0776,119.252,97.9159,67.977,58.3275,116.445
36
1.18369e-07,1.47922e-07,1.26962e-07,1.1879e-07,1.62526e-07,1.27668e-07,1.22524e-07,1.69488e-07,1.29325e-07,1.25433e-07,1.70507e-07,1.36586e-07,1.26662e-07,1.73551e-07,1.37396e-07,1.34184e-07,2.69749e-07,1.59216e-07,1.27355e-07,1.4826e-07,2.7727e-07,1.62e-07,1.28258e-07,1.54679e-07,2.81761e-07,1.63542e-07,1.29108e-07,1.57509e-07,2.91558e-07,1.674e-07,1.31029e-07,1.59207e-07,2.95762e-07,1.71926e-07,1.34928e-07,1.65041e-07
-99.0119,-108.147,-106.584,-100.984,-126.242,-111.265,-108.588,-132.96,-112.865,-111.396,-133.944,-119.872,-112.582,-136.881,-120.654,-119.841,-120.852,-116.086,-110.237,-111.822,-132.11,-122.772,-115.108,-122.017,-136.445,-124.261,-115.928,-124.748,-145.9,-127.985,-117.783,-126.387,-149.958,-132.353,-121.546,-132.018
0,3.14159,3.14159,3.14159,2.7269,2.62077,1.24359,3.56263,1.34393,2.31798,3.5246,5.28809,0.264412,3.35859,6.26579,0.655816,6.28319,6.28319,6.28319,6.28319,5.51928,1.70295,2.25861,0.343921,1.80607,1.19521,4.99746,2.07007,2.35168,3.65846,0.585578,4.75897,3.32002,0.44571,0.843275,3.94257
90,90,90,94.829,136.641,149.836,146.804,144.611,140.307,142.887,133.611,152.899,143.798,142.807,140.378,139.383,90,90,94.5035,93.8675,123.173,128.944,140.54,133.7,110.968,126.647,140.178,132.778,109.406,129.861,142.852,125.585,110.032,123.801,138.583,126.892
147.653,227.448,141.964,147.653,43.3592,149.836,146.804,35.3891,140.307,142.887,46.389,152.899,143.798,37.1927,140.378,139.383,111.759,231.074,141.964,227.448,123.173,51.0562,140.54,46.2997,110.968,53.3528,140.178,47.2215,109.406,50.1391,142.852,54.415,110.032,56.1986,138.583,53.1083
90,90,90,94.829,50.9074,46.5818,38.4691,44.7557,36.6679,29.5806,42.6315,31.2746,37.0314,50.5502,37.0212,24.4255,90,90,94.5035,93.8675,83.0194,43.9707,46.6863,46.8079,74.0996,59.9233,35.5062,45.0944,74.7066,57.9941,37.5795,50.5489,71.9851,55.3333,37.9266,46.4662
327.653,312.53,38.0243,327.653,129.093,46.5818,141.531,135.244,36.6679,150.419,137.369,31.2746,142.969,129.45,37.0212,155.574,291.748,51.085,38.0243,312.53,96.9806,43.9707,46.6863,133.192,105.9,59.9233,35.5062,134.906,105.293,57.9941,37.5795,129.451,108.015,55.3333,37.9266,133.534
36
1.62822e-07,1.85422e-07,1.69175e-07,1.63129e-07,1.88394e-07,1.69915e-07,1.69086e-07,1.89623e-07,1.71575e-07,1.702e-07,1.89783e-07,1.71632e-07,1.7045e-07,1.90233e-07,1.72845e-07,1.70993e-07,2.91995e-07,1.94556e-07,1.6947e-07,1.85692e-07,2.97294e-07,1.98501e-07,1.70657e-07,1.86681e-07,2.99931e-07,2.0068e-07,1.75628e-07,1.86933e-07,3.13861e-07,2.01675e-07,1.85579e-07,1.89844e-07,3.14268e-07,2.03074e-07,1.93186e-07,1.91852e-07
-101.782,-109.794,-108.494,-103.243,-116.662,-113.208,-112.991,-117.848,-114.811,-114.067,-118.002,-114.865,-114.308,-118.437,-116.036,-114.832,-121.483,-117.357,-111.178,-112.811,-130.597,-125.165,-116.323,-117.766,-133.142,-127.268,-121.12,-118.009,-146.586,-128.228,-130.724,-120.818,-146.978,-129.579,-138.065,-122.756
0,3.14159,3.14159,3.14159,6.19012,0.476431,4.06202,3.79825,1.34213,4.40538,4.0479,2.13389,5.03522,3.74222,4.97593,0.902314,6.28319,6.28319,6.28319,6.28319,2.43243,6.26498,0.187331,2.6895,3.7088,1.63896,2.49775,2.38045,2.23899,4.01428,1.14164,4.86221,5.61696,2.11657,2.3205,0.567744
90,90,90,93.5145,137.935,159.095,158.993,143.567,143.612,153.301,138.697,154.826,157.43,141.171,152.579,166.102,90,90,93.3828,93.087,122.533,138.222,159.408,151.09,116.413,137.26,146.817,146.558,124.179,141.612,146.656,148.501,118.688,147.7,150.771,143.792
157.109,215.987,152.455,157.109,42.0647,159.095,158.993,36.4331,143.612,153.301,41.3027,154.826,157.43,38.829,152.579,166.102,120.911,219.539,152.455,215.987,122.533,41.7785,159.408,28.9102,116.413,42.7401,146.817,33.4417,124.179,38.3885,146.656,31.4986,118.688,32.2998,150.771,36.2076
90,90,90,93.5145,35.8637,27.1595,24.5866,33.246,39.3339,21.4867,29.857,27.0247,23.9799,34.6698,32.2104,23.4194,90,90,93.3828,93.087,59.4887,41.623,29.6921,43.9211,55.0098,39.9007,30.3877,40.849,53.3239,48.2573,30.1218,35.6564,61.4329,38.2037,21.2166,33.0986
337.109,323.99,27.5337,337.109,144.136,27.1595,155.413,146.754,39.3339,158.513,150.143,27.0247,156.02,145.33,32.2104,156.581,300.899,39.5509,27.5337,323.99,120.511,41.623,29.6921,136.079,124.99,39.9007,30.3877,139.151,126.676,48.2573,30.1218,144.344,118.567,38.2037,21.2166,146.901
36
2.09788e-07,2.27776e-07,2.14758e-07,2.10026e-07,2.28735e-07,2.16085e-07,2.19111e-07,2.29015e-07,2.19797e-07,2.19431e-07,2.34577e-07,2.20296e-07,2.21813e-07,2.41821e-07,2.22243e-07,2.23848e-07,3.20558e-07,2.35275e-07,2.14991e-07,2.27996e-07,3.20723e-07,2.37313e-07,2.15275e-07,2.28458e-07,3.2148e-07,2.37875e-07,2.15668e-07,2.2981e-07,3.23782e-07,2.3807e-07,2.17171e-07,2.30683e-07,3.26404e-07,2.39098e-07,2.29996e-07,2.35797e-07
-103.983,-111.158,-109.942,-105.13,-116.084,-115.223,-117.898,-116.353,-118.805,-118.207,-121.722,-119.286,-120.505,-128.713,-121.165,-122.47,-122.172,-118.323,-111.913,-113.552,-126.33,-124.29,-116.187,-117.998,-127.061,-124.833,-116.567,-119.303,-129.282,-125.02,-118.017,-120.146,-131.813,-126.013,-130.395,-125.081
0,3.14159,3.14159,3.14159,4.75878,3.91325,2.31349,0.0794802,2.14973,2.1463,0.687077,2.7653,0.581258,3.4974,0.573424,0.182602,6.28319,6.28319,6.28319,6.28319,2.59009,2.37587,5.62514,5.42436,3.98053,0.77469,4.95055,4.21171,5.07459,4.19575,5.74859,4.8126,1.23594,3.53145,3.43741,2.6543
90,90,90,92.7291,150.78,161.543,163.446,153.474,156.73,153.192,156.158,161.126,168.78,155.878,157.791,165.251,90,90,92.666,92.5138,131.299,145.503,157.089,149.791,126.145,145.225,162.108,156.065,133.916,144.283,158.396,149.189,125.151,151.017,154.666,151.115
162.429,208.573,158.634,162.429,29.2202,161.543,163.446,26.5261,156.73,153.192,23.8424,161.126,168.78,24.1219,157.791,165.251,128.602,211.763,158.634,208.573,131.299,34.4975,157.089,30.2089,126.145,34.775,162.108,23.9355,133.916,35.7165,158.396,30.8107,125.151,28.983,154.666,28.8847
90,90,90,92.7291,27.9815,24.6097,18.1591,32.6199,26.2205,21.9824,36.7174,22.6559,14.2959,33.9132,21.9088,13.6099,90,90,92.666,92.5138,59.609,40.5405,29.1978,29.0707,39.0245,26.2242,20.0105,35.0436,54.846,31.2077,17.4374,26.9161,50.5536,31.4787,22.5726,27.4362
342.429,331.404,21.3545,342.429,152.018,24.6097,161.841,147.38,26.2205,158.018,143.283,22.6559,165.704,146.087,21.9088,166.39,308.591,31.7742,21.3545,331.404,120.391,40.5405,29.1978,150.929,140.975,26.2242,20.0105,144.956,125.154,31.2077,17.4374,153.084,129.446,31.4787,22.5726,152.564
36
2.54951e-07,2.67681e-07,2.66242e-07,2.55147e-07,2.7067e-07,2.66532e-07,2.55853e-07,2.72181e-07,2.66815e-07,2.58724e-07,2.74636e-07,2.72635e-07,2.61473e-07,2.75066e-07,2.74135e-07,2.67201e-07,3.44602e-07,2.85198e-07,2.6643e-07,2.67867e-07,3.49723e-07,2.86239e-07,2.68389e-07,2.68145e-07,3.51924e-07,2.89171e-07,2.69229e-07,2.69991e-07,3.52515e-07,2.94862e-07,2.75008e-07,2.70272e-07,3.5341e-07,3.03071e-07,2.75584e-07,2.7103e-07
-105.676,-111.801,-111.646,-106.627,-118.686,-115.925,-111.308,-120.145,-116.198,-114.079,-122.514,-121.815,-116.732,-122.928,-123.262,-122.26,-122.537,-119.599,-113.312,-113.521,-131.48,-124.603,-119.203,-117.789,-133.604,-127.433,-120.013,-119.571,-134.174,-132.925,-125.591,-119.842,-135.038,-140.848,-126.146,-120.573
0,3.14159,3.14159,3.14159,3.34148,1.89888,4.53223,3.54143,1.178,2.6616,3.68451,1.09135,2.29943,0.505356,3.19647,4.18204,6.28319,6.28319,6.28319,6.28319,1.92804,2.84142,3.1438,5.32107,5.34186,3.60082,0.293003,2.09208,3.81391,2.33479,2.02194,5.77437,4.48302,6.2815,3.71977,4.59064
90,90,90,92.2462,161.778,168.342,163.6,153.333,156.257,177.761,162.725,151.64,179.428,162.49,163.976,166.718,90,90,92.151,92.1395,145.088,148.223,158.307,168.364,131.733,154.479,158.428,159.5,139.804,146.638,155.618,155.318,131.461,150.477,146.444,165.046
168.69,200.924,159.881,168.69,18.2216,168.342,163.6,26.6674,156.257,177.761,17.2748,151.64,179.428,17.51,163.976,166.718,136.507,208.75,159.881,200.924,145.088,31.7766,158.307,11.6357,131.733,25.5206,158.428,20.5003,139.804,33.3622,155.618,24.6818,131.461,29.5225,146.444,14.9536
90,90,90,92.2462,21.8775,23.534,6.58717,12.4658,18.1848,19.48,22.2865,27.5245,10.681,5.47804,19.069,13.085,90,90,92.151,92.1395,55.0509,32.6889,15.0782,14.3597,50.1431,21.821,25.3638,16.3874,43.5337,21.245,20.1292,27.2507,53.1622,24.5672,14.012,22.6722
348.69,339.054,20.1079,348.69,158.122,23.534,173.413,167.534,18.1848,160.52,157.713,27.5245,169.319,174.522,19.069,166.915,316.496,28.7612,20.1079,339.054,124.949,32.6889,15.0782,165.64,129.857,21.821,25.3638,163.613,136.466,21.245,20.1292,152.749,126.838,24.5672,14.012,157.328
31
2.67187e-07,2.68234e-07,3.10071e-07,2.67374e-07,2.82618e-07,3.12689e-07,2.67712e-07,2.86746e-07,3.16254e-07,2.69045e-07,2.88348e-07,3.16832e-07,2.73235e-07,2.90443e-07,3.19258e-07,2.7792e-07,2.6842e-07,3.35697e-07,3.10233e-07,2.80757e-07,3.38153e-07,3.11426e-07,2.87431e-07,3.40437e-07,3.18587e-07,2.89254e-07,3.44745e-07,3.23095e-07,2.89934e-07,3.52435e-07,3.25792e-07
-106.084,-108.614,-113.982,-106.992,-126.497,-120.508,-111.318,-130.48,-123.949,-112.605,-132.027,-124.507,-116.649,-134.049,-126.848,-121.17,-109.522,-121.946,-116.215,-125.428,-128.316,-121.366,-131.87,-130.521,-128.278,-133.629,-134.678,-132.628,-134.285,-142.1,-135.232
0,3.14159,3.14159,3.14159,4.32298,0.3621,5.8269,0.329779,5.71616,2.4574,5.95563,2.46693,3.84006,1.35903,2.95763,5.70911,6.28319,6.28319,6.28319,1.70094,6.27523,0.0331079,0.20761,4.92188,1.10726,0.407713,4.50518,2.81915,4.75673,6.14293,2.42281
90,90,90,92.1434,178.462,149.884,174.183,171.624,150.843,178.314,167.514,153.374,179.489,179.396,157.851,177.998,92.1351,90,91.8472,171.958,139.762,152.097,178.211,143.029,148.554,167.334,146.832,161.614,168.799,143.204,150.55
183.576,186.191,149.312,183.576,1.5378,149.884,5.81697,8.37562,150.843,1.68553,12.4862,153.374,0.511029,179.396,157.851,2.00199,186.191,217.389,149.312,8.04197,40.2377,152.097,178.211,36.9712,148.554,12.6658,33.1681,161.614,11.2007,36.7962,150.55
90,90,90,92.1434,8.51077,30.9422,13.9207,14.026,29.4407,4.22959,3.16062,32.8752,3.13574,8.17023,26.9343,2.83125,92.1351,90,91.8472,2.32703,38.0575,30.2933,9.07406,40.4973,29.519,6.46802,39.2206,23.3165,17.9997,37.3376,30.3286
3.57633,353.786,30.6764,3.57633,171.489,30.9422,13.9207,165.974,29.4407,4.22959,3.16062,32.8752,3.13574,171.83,26.9343,2.83125,353.786,37.4004,30.6764,177.673,38.0575,30.2933,170.926,40.4973,29.519,173.532,39.2206,23.3165,162,37.3376,30.3286
36
2.50555e-07,2.51672e-07,2.95857e-07,2.50754e-07,2.6109e-07,2.97595e-07,2.52314e-07,2.6285e-07,3.00468e-07,2.52609e-07,2.6459e-07,3.06997e-07,2.53635e-07,2.65404e-07,3.12354e-07,2.53757e-07,3.026e-07,2.51871e-07,3.22617e-07,2.96026e-07,3.10277e-07,2.53643e-07,3.27491e-07,2.97756e-07,3.13843e-07,2.54814e-07,3.30764e-07,3.02602e-07,3.14966e-07,2.6183e-07,3.34826e-07,3.02845e-07,3.16244e-07,2.6816e-07,3.40387e-07,3.03337e-07
-105.525,-108.197,-113.673,-106.492,-121.286,-119.35,-111.997,-122.984,-122.122,-112.282,-124.663,-128.423,-113.272,-125.45,-133.594,-113.39,-120.778,-109.173,-121.728,-116.033,-132.186,-114.883,-130.431,-121.702,-135.628,-116.013,-133.59,-126.38,-136.712,-122.785,-137.51,-126.614,-137.945,-128.894,-142.877,-127.089
0,3.14159,3.14159,3.14159,2.15952,5.09915,3.40575,4.73766,4.87678,2.17596,0.524686,3.71074,3.03685,0.0188981,5.57362,5.27295,6.28319,6.28319,6.28319,6.28319,1.58713,4.44784,1.49286,0.101799,4.77212,3.68598,5.59497,5.77399,0.689044,4.3732,3.27258,2.20499,1.62821,2.63587,2.44506,0.777679
90,90,90,92.2855,176.202,151.536,167.524,171.378,149.225,170.821,178.45,146.848,172.75,168.045,141.381,171.328,90,92.2754,90,91.9359,148.909,176.208,142.46,145.05,142.355,163.752,145.694,148.721,151.751,179.186,135.012,156.583,142.808,166.899,150.395,151.152
183.814,186.603,147.666,183.814,3.79764,151.536,12.4758,8.6216,149.225,9.17891,1.55017,146.848,7.24974,11.9552,141.381,8.67165,145.702,186.603,219.188,147.666,148.909,3.7924,37.5396,145.05,142.355,16.2481,34.3064,148.721,151.751,0.814493,44.9878,156.583,142.808,13.1007,29.6048,151.152
90,90,90,92.2855,5.4789,23.1822,0.42063,2.58571,24.0965,1.02897,2.84395,32.0377,4.69521,0.968113,38.9971,3.84637,90,92.2754,90,91.9359,31.748,8.56725,33.8213,28.6268,41.0196,14.168,43.9223,37.8258,36.7932,7.18576,35.9766,33.6656,33.4142,1.34993,37.1271,39.5905
3.81407,353.374,32.3227,3.81407,174.521,23.1822,179.579,2.58571,24.0965,1.02897,177.156,32.0377,4.69521,0.968113,38.9971,3.84637,325.69,353.374,39.199,32.3227,148.252,171.433,33.8213,28.6268,138.98,165.832,43.9223,37.8258,143.207,172.814,35.9766,33.6656,146.586,178.65,37.1271,39.5905
36
2.33928e-07,2.35125e-07,2.81912e-07,2.34141e-07,2.37565e-07,2.86037e-07,2.38128e-07,2.41783e-07,2.88366e-07,2.45231e-07,2.42052e-07,2.94205e-07,2.50135e-07,2.45507e-07,2.96273e-07,2.52607e-07,2.88988e-07,2.35338e-07,3.09883e-07,2.8209e-07,2.8908e-07,2.3639e-07,3.17224e-07,2.85969e-07,2.94588e-07,2.37517e-07,3.228e-07,2.86392e-07,2.95542e-07,2.37835e-07,3.24295e-07,2.87215e-07,3.01731e-07,2.40238e-07,3.24568e-07,2.88948e-07
-104.929,-107.757,-113.348,-105.962,-114.112,-121.33,-113.81,-118.182,-123.577,-120.665,-118.442,-129.212,-125.398,-121.776,-131.208,-127.783,-120.545,-108.811,-121.496,-115.841,-124.634,-113.826,-132.581,-123.585,-129.95,-114.915,-137.962,-123.993,-130.871,-115.221,-139.405,-124.787,-136.843,-117.541,-139.669,-126.46
0,3.14159,3.14159,3.14159,1.91745,0.87273,5.7336,3.72441,4.94551,5.72835,4.78477,0.800007,5.16994,3.95037,3.86794,0.76738,6.28319,6.28319,6.28319,6.28319,3.48181,2.99599,6.15551,0.707512,3.26989,4.31644,1.43922,3.21099,5.96373,1.46181,2.28469,3.21542,0.947049,1.59026,3.55944,2.31216
90,90,90,92.4478,169.111,141.896,175.982,170.551,149.445,175.228,177.034,136.284,177.118,174.239,148.857,173.808,90,92.4354,90,92.0315,142.143,174.139,144.407,148.369,152.723,179.41,139.382,149.535,144.063,175.552,132.497,146.608,130.913,175.108,134.532,146.464
184.086,187.074,145.855,184.086,10.8892,141.896,4.01817,9.44855,149.445,4.77173,2.96621,136.284,2.88169,5.76091,148.857,6.1918,143.838,187.074,221.136,145.855,142.143,5.86056,35.5931,148.369,152.723,0.590477,40.6176,149.535,144.063,4.44756,47.5034,146.608,130.913,4.89243,45.4683,146.464
90,90,90,92.4478,3.32654,29.9312,1.49746,8.80049,35.4492,1.34567,8.14014,27.8286,1.81578,5.11911,29.5833,4.4445,90,92.4354,90,92.0315,45.8281,13.4717,48.0766,39.2095,26.63,12.3047,46.1842,35.7917,29.8328,7.82812,36.7698,38.2709,34.2926,4.58438,37.5248,39.3482
4.08562,352.903,34.1336,4.08562,176.673,29.9312,1.49746,171.2,35.4492,1.34567,171.86,27.8286,178.184,174.881,29.5833,175.555,323.827,352.903,41.1475,34.1336,134.172,166.528,48.0766,39.2095,153.37,167.695,46.1842,35.7917,150.167,172.172,36.7698,38.2709,145.707,4.58438,37.5248,39.3482
36
2.17307e-07,2.18597e-07,2.68278e-07,2.17537e-07,2.24229e-07,2.76377e-07,2.1962e-07,2.24578e-07,2.76382e-07,2.22671e-07,2.3291e-07,2.8252e-07,2.23038e-07,2.33765e-07,2.85085e-07,2.23557e-07,2.75712e-07,2.18826e-07,2.97537e-07,2.68464e-07,2.76822e-07,2.2041e-07,3.01646e-07,2.693e-07,2.84515e-07,2.22143e-07,3.11754e-07,2.70668e-07,2.8454e-07,2.23447e-07,3.17981e-07,2.80465e-07,2.88616e-07,2.2804e-07,3.36954e-07,2.81976e-07
-104.289,-107.292,-113.008,-105.398,-116.728,-124.825,-111.409,-117.064,-124.83,-114.353,-125.105,-130.753,-114.707,-125.931,-133.229,-115.208,-120.295,-108.438,-121.251,-115.635,-125.366,-113.968,-129.216,-120.441,-132.791,-115.64,-138.972,-121.762,-132.815,-116.898,-144.982,-131.217,-136.749,-121.331,-163.292,-132.675
0,3.14159,3.14159,3.14159,4.81931,1.23005,4.85632,1.16221,4.3769,1.19128,6.04212,1.29976,1.18677,1.22151,2.57695,1.09671,6.28319,6.28319,6.28319,6.28319,1.24846,0.31003,5.72075,1.58134,1.56089,1.83319,0.270454,0.841032,1.81413,0.0496462,3.85666,2.66777,3.81758,5.17602,4.21434,1.0562
90,90,90,92.6348,171.067,145.103,179.223,171.379,143.074,173.64,164.73,138.929,175.676,175.93,149.645,171.639,90,92.6192,90,92.1347,139.209,163.671,136.892,140.129,136.647,175.624,143.589,139.154,143.494,174.142,123.349,141.82,140.161,176.407,137.478,145.802
184.399,187.615,143.858,184.399,8.93307,145.103,0.776923,8.62135,143.074,6.35972,15.2704,138.929,4.32425,4.07009,149.645,8.36054,141.793,187.615,223.249,143.858,139.209,16.3289,43.1081,140.129,136.647,4.37626,36.4111,139.154,143.494,5.8579,56.6509,141.82,140.161,3.5925,42.5223,145.802
90,90,90,92.6348,6.02903,50.2724,7.28528,1.94743,45.5603,2.07705,14.9361,32.4071,5.96195,4.2146,29.4603,6.91299,90,92.6192,90,92.1347,34.7919,13.1102,27.3311,27.5371,43.8623,12.8095,37.7609,39.2283,41.4653,8.75266,39.6463,33.1635,36.0856,9.43675,45.1926,29.9148
4.39871,352.362,36.1308,4.39871,173.971,50.2724,7.28528,178.053,45.5603,2.07705,165.064,32.4071,5.96195,175.785,29.4603,173.087,321.781,352.362,43.2602,36.1308,145.208,166.89,27.3311,27.5371,136.138,167.191,37.7609,39.2283,138.535,171.247,39.6463,33.1635,143.914,170.563,45.1926,29.9148
36
2.00693e-07,2.02091e-07,2.55004e-07,2.00942e-07,2.07298e-07,2.57193e-07,2.02043e-07,2.08791e-07,2.63749e-07,2.02591e-07,2.10912e-07,2.65539e-07,2.03299e-07,2.1281e-07,2.66385e-07,2.07935e-07,2.62822e-07,2.02339e-07,2.8563e-07,2.552e-07,2.63387e-07,2.08865e-07,2.89813e-07,2.5636e-07,2.70028e-07,2.08935e-07,2.92339e-07,2.60307e-07,2.70531e-07,2.09135e-07,2.98346e-07,2.61085e-07,2.73005e-07,2.11373e-07,2.98399e-07,2.63784e-07
-103.598,-106.799,-112.652,-104.795,-115.825,-118.765,-109.857,-117.265,-125.093,-110.386,-119.312,-126.82,-111.069,-121.144,-127.637,-115.544,-120.025,-108.054,-120.994,-115.414,-124.57,-118.353,-129.031,-120.534,-130.979,-118.42,-131.469,-124.343,-131.465,-118.613,-137.266,-125.094,-133.852,-120.773,-137.317,-127.699
0,3.14159,3.14159,3.14159,3.39258,3.51623,3.64692,1.32396,2.81809,3.20216,1.7888,2.48283,0.855558,1.55811,5.5508,0.532197,6.28319,6.28319,6.28319,6.28319,5.23167,4.45553,0.0596634,5.27037,1.62217,0.882686,3.224,0.222003,5.92948,4.4784,5.00204,0.387698,3.49437,1.7357,6.12423,4.47265
90,90,90,92.8525,163.398,144.505,179.024,176.522,144.791,171.99,172.035,139.921,178.811,174.554,137.128,172.204,90,92.8328,90,92.2457,140.785,176.345,141.399,149.707,155.695,172.785,132.867,130.001,148.889,175.815,134.87,135.525,135.823,171.14,134.511,144.122
184.764,188.245,141.65,184.764,16.6016,144.505,179.024,3.47835,144.791,8.01031,7.96498,139.921,178.811,5.44632,137.128,7.7964,139.544,188.245,225.541,141.65,140.785,3.65464,38.6005,149.707,155.695,7.21485,47.133,130.001,148.889,4.18546,45.1296,135.525,135.823,8.86049,45.4892,144.122
90,90,90,92.8525,0.450225,37.4542,6.43201,8.75619,30.8151,8.8098,8.21276,30.5842,2.81701,7.82309,40.2861,1.03029,90,92.8328,90,92.2457,41.2323,10.3032,46.0605,41.2145,42.2308,2.38923,49.7823,49.0589,41.1803,1.95906,49.7959,39.7921,48.6983,8.70863,46.1749,43.3241
4.76364,351.732,38.3387,4.76364,179.55,37.4542,6.43201,171.244,30.8151,8.8098,171.787,30.5842,2.81701,172.177,40.2861,178.97,319.533,351.732,45.5525,38.3387,138.768,169.697,46.0605,41.2145,137.769,2.38923,49.7823,49.0589,138.82,178.041,49.7959,39.7921,131.302,171.291,46.1749,43.3241
