36
1.32749e-07,1.59625e-07,1.40464e-07,1.33125e-07,1.69395e-07,1.41145e-07,1.35955e-07,1.71956e-07,1.44484e-07,1.38865e-07,1.75497e-07,1.47356e-07,1.40638e-07,1.9805e-07,1.50453e-07,1.43921e-07,2.76369e-07,1.70134e-07,1.40819e-07,1.59937e-07,2.78058e-07,1.71235e-07,1.41354e-07,1.60348e-07,2.78418e-07,1.7479e-07,1.49399e-07,1.61738e-07,2.78956e-07,1.77763e-07,1.52168e-07,1.64805e-07,2.81311e-07,1.82718e-07,1.55834e-07,1.65214e-07
-100.008,-108.721,-107.283,-101.78,-122.15,-111.941,-108.511,-124.621,-115.163,-111.32,-128.039,-117.935,-113.031,-149.805,-120.923,-116.199,-121.05,-116.536,-110.591,-112.183,-126.68,-121.598,-115.107,-116.578,-127.027,-125.029,-122.871,-117.921,-127.547,-127.899,-125.544,-120.88,-129.819,-132.681,-129.082,-121.275
0,3.14159,3.14159,3.14159,2.65675,5.37541,1.6382,4.40513,0.757825,1.12322,0.804338,1.82489,4.39753,4.20455,2.16064,4.112,6.28319,6.28319,6.28319,6.28319,2.04295,1.40769,1.52587,4.83985,1.67429,0.0421936,0.572483,1.61127,5.50012,2.02615,4.0691,1.99852,4.2482,2.975,1.48428,3.42255
90,90,90,94.308,134.759,153.543,146.801,129.084,144.728,154.354,135.349,147.829,152.093,136.448,158.271,153.739,90,90,94.0722,93.5847,109.111,122.357,141.183,137.624,116.445,137.348,138.543,135.817,114.752,133.124,144.283,128.316,105.959,128.376,141.213,137.365
208.496,223.035,146.148,208.496,45.2415,153.543,33.1992,50.9163,144.728,25.6456,44.6509,147.829,27.9066,43.5516,158.271,26.2607,245.018,133.287,146.148,223.035,70.8889,122.357,141.183,42.3757,63.5554,137.348,138.543,44.1828,65.2476,133.124,144.283,51.6841,74.0408,128.376,141.213,42.6354
90,90,90,94.308,37.3654,31.5017,23.3157,39.3191,32.671,25.7042,42.6318,29.7288,20.0013,49.6592,24.661,21.08,90,90,94.0722,93.5847,71.3376,43.724,30.7084,42.173,65.8073,39.3737,28.4409,41.4194,62.5648,50.4842,38.5509,40.0523,74.0999,47.0387,36.6965,38.5053
28.4956,316.942,33.8403,28.4956,142.635,31.5017,23.3157,140.681,32.671,25.7042,137.368,29.7288,20.0013,130.341,24.661,21.08,65.0298,313.275,33.8403,316.942,71.3376,136.276,30.7084,137.827,65.8073,140.626,28.4409,138.581,62.5648,129.516,38.5509,139.948,74.0999,132.961,36.6965,141.495
36
8.06915e-08,1.19877e-07,9.28427e-08,8.13087e-08,1.20547e-07,9.3279e-08,8.22704e-08,1.21575e-07,9.45111e-08,8.393e-08,1.21773e-07,9.71284e-08,9.05391e-08,1.22085e-07,9.97605e-08,9.34747e-08,2.5547e-07,1.33559e-07,9.33797e-08,1.20294e-07,2.58106e-07,1.34135e-07,9.84864e-08,1.23511e-07,2.59212e-07,1.4403e-07,9.87004e-08,1.24006e-07,2.60099e-07,1.44443e-07,1.00299e-07,1.29949e-07,2.63791e-07,1.45086e-07,1.02571e-07,1.38287e-07
-95.6838,-106.459,-104.207,-98.4861,-111.105,-108.628,-103.414,-112.098,-109.817,-105.016,-112.288,-112.343,-111.394,-112.59,-114.883,-114.227,-120.396,-114.746,-108.851,-110.646,-126.94,-119.302,-117.78,-117.751,-128.007,-128.851,-117.986,-118.229,-128.863,-129.25,-119.529,-123.964,-132.426,-129.871,-121.722,-132.011
0,3.14159,3.14159,3.14159,2.48818,1.23307,6.17534,3.83185,4.41848,4.76336,0.817766,4.44042,5.23027,3.96951,1.07086,2.25947,6.28319,6.28319,6.28319,6.28319,0.153523,0.965037,1.43677,2.43313,2.87698,4.70371,2.63296,2.32706,0.665518,2.60811,5.35493,1.66707,1.09962,5.78742,5.44595,1.13485
90,90,90,97.0646,114.97,116.427,124.084,116.089,120.057,131.414,111.667,112.751,130.812,114.187,125.312,129.14,90,90,96.1476,94.7685,102.321,112.106,119.081,111.901,93.6821,107.218,127.058,119.922,97.4722,112.525,128.508,116.07,104.766,120.702,122.012,118.015
231.71,245.344,122.574,231.71,65.0304,116.427,55.9161,63.9106,120.057,48.5855,68.3333,112.751,49.188,65.8126,125.312,50.8605,258.702,111.979,122.574,245.344,77.6787,112.106,119.081,68.0988,86.3179,107.218,127.058,60.0785,82.5278,112.525,128.508,63.9302,75.2336,120.702,122.012,61.985
90,90,90,97.0646,74.5111,52.6094,51.2884,80.7319,55.1021,53.7557,69.0142,50.0795,48.7416,64.2969,52.543,46.5256,90,90,96.1476,94.7685,85.0457,66.9595,58.2568,68.6065,76.7818,67.4079,61.8323,74.209,82.8006,67.8342,61.3961,57.814,78.2553,69.6494,59.2423,68.7125
51.7098,294.633,57.4142,51.7098,105.489,52.6094,51.2884,99.2681,55.1021,53.7557,110.986,50.0795,48.7416,115.703,52.543,46.5256,78.713,291.967,57.4142,294.633,85.0457,113.041,58.2568,111.394,76.7818,112.592,61.8323,105.791,82.8006,112.166,61.3961,122.186,78.2553,110.351,59.2423,111.288
36
6.54896e-08,1.10227e-07,7.99899e-08,6.62487e-08,1.12732e-07,8.28926e-08,7.10684e-08,1.1546e-07,8.4844e-08,7.50127e-08,1.22515e-07,8.62183e-08,7.58503e-08,1.28022e-07,8.80116e-08,7.80876e-08,2.51076e-07,1.24978e-07,8.06126e-08,1.1068e-07,2.51262e-07,1.25257e-07,8.228e-08,1.13627e-07,2.57695e-07,1.27131e-07,8.40899e-08,1.1602e-07,2.60339e-07,1.29735e-07,8.80433e-08,1.26e-07,2.62608e-07,1.31419e-07,8.88476e-08,1.29949e-07
-93.8707,-105.744,-102.959,-97.2446,-112.161,-109.76,-105.896,-114.795,-111.643,-109.703,-121.603,-112.97,-110.511,-126.918,-114.7,-112.67,-120.246,-114.187,-107.998,-110.104,-124.426,-118.456,-113.607,-116.948,-130.634,-120.265,-115.354,-119.257,-133.185,-122.778,-119.169,-128.889,-135.375,-124.403,-119.946,-132.7
0,3.14159,3.14159,3.14159,6.12122,1.26968,4.92748,0.446339,4.52493,0.316295,3.85458,4.36558,4.20372,5.64146,2.42776,3.76731,6.28319,6.28319,6.28319,6.28319,3.26807,3.71012,0.545475,2.36255,0.899476,3.34657,3.1106,0.164036,6.2013,5.44681,0.0213259,4.27281,4.79336,5.23618,0.871157,1.43274
90,90,90,98.6818,78.26,83.6138,72.9642,82.2842,80.0249,74.0437,77.5605,70.9728,64.8647,92.6074,75.8617,79.2257,90,90,97.1259,95.1838,80.4766,78.4614,71.3508,83.7691,90.6749,81.7784,76.4551,81.4904,83.4766,78.3447,70.0329,75.3458,86.1208,79.9097,74.2599,83.9479
284.744,278.692,77.9634,284.744,101.74,83.6138,107.036,97.7158,80.0249,105.956,102.44,70.9728,115.135,87.3926,75.8617,100.774,273.794,82.3298,77.9634,278.692,99.5234,78.4614,71.3508,96.2309,89.3251,81.7784,76.4551,98.5096,96.5234,78.3447,70.0329,104.654,93.8792,79.9097,74.2599,96.0521
90,90,90,98.6818,102.01,102.049,108.517,98.4232,100.986,100.67,107.494,102.331,109.875,93.3291,109.887,100.962,90,90,97.1259,95.1838,81.6821,93.7077,99.0534,88.714,86.8388,88.2952,96.5997,103.309,84.0832,95.4137,97.209,99.8815,89.1106,102.745,95.4056,98.2994
104.744,261.285,102.025,104.744,77.9903,102.049,108.517,81.5768,100.986,100.67,72.5064,102.331,109.875,86.6709,109.887,100.962,93.8058,262.318,102.025,261.285,81.6821,86.2923,99.0534,91.286,86.8388,91.7048,96.5997,76.6914,84.0832,84.5863,97.209,80.1185,89.1106,77.2547,95.4056,81.7006
36
1.04669e-07,1.3718e-07,1.14306e-07,1.05145e-07,1.37323e-07,1.14855e-07,1.05818e-07,1.45071e-07,1.17673e-07,1.09625e-07,1.46821e-07,1.17793e-07,1.10894e-07,1.47045e-07,1.19056e-07,1.11753e-07,2.64012e-07,1.49297e-07,1.14743e-07,1.37544e-07,2.76706e-07,1.5067e-07,1.16993e-07,1.43259e-07,2.82984e-07,1.50752e-07,1.25866e-07,1.46893e-07,2.84255e-07,1.5794e-07,1.28906e-07,1.47251e-07,2.90016e-07,1.66404e-07,1.31655e-07,1.51143e-07
-97.9436,-107.559,-105.823,-100.154,-111.697,-110.353,-104.803,-119.175,-113.073,-108.477,-120.863,-113.188,-109.702,-121.08,-114.408,-110.531,-120.674,-115.62,-109.829,-111.43,-136.925,-120.945,-116.001,-120.945,-142.983,-121.024,-124.564,-124.453,-144.211,-127.961,-127.498,-124.798,-149.77,-136.13,-130.151,-128.555
0,3.14159,3.14159,3.14159,4.30574,5.62611,4.65185,2.17562,2.56185,3.28629,5.05867,1.59895,4.27612,5.22214,1.04861,4.74519,6.28319,6.28319,6.28319,6.28319,3.78235,5.16725,1.44264,5.19751,1.3778,4.68014,0.0366581,5.02983,2.12455,1.80381,5.19274,3.59549,3.43314,1.05282,3.67267,6.00889
90,90,90,95.4574,57.0084,58.9766,33.9134,58.5084,40.5451,40.679,51.7225,33.9627,36.7592,48.0265,42.0701,36.7069,90,90,94.9998,94.1693,76.529,60.5642,41.8833,37.7254,74.1376,57.555,41.7975,53.6736,67.1025,50.2528,46.6607,55.3423,64.8666,52.1719,37.7081,54.3913
322.765,307.402,43.184,322.765,122.992,58.9766,146.087,121.492,40.5451,139.321,128.278,33.9627,143.241,131.974,42.0701,143.293,288.388,56.064,43.184,307.402,103.471,60.5642,41.8833,142.275,105.862,57.555,41.7975,126.326,112.897,50.2528,46.6607,124.658,115.133,52.1719,37.7081,125.609
90,90,90,95.4574,124.078,136.172,132.268,124.53,137.864,147.719,135.205,141.159,150.029,124.21,135.995,142.14,90,90,94.9998,94.1693,103.826,121.944,132.117,131.378,113.895,125.83,139.555,130.214,100.643,127.065,138.662,117.307,109.017,134.376,139.81,121.421
142.765,232.575,136.805,142.765,55.9217,136.172,132.268,55.4695,137.864,147.719,44.7953,141.159,150.029,55.7899,135.995,142.14,108.399,236.053,136.805,232.575,103.826,58.0562,132.117,48.6222,113.895,54.1698,139.555,49.7858,100.643,52.9351,138.662,62.6935,109.017,45.6237,139.81,58.5787
31
1.58114e-07,1.77896e-07,1.75744e-07,1.5843e-07,1.79571e-07,1.79021e-07,1.60072e-07,1.94174e-07,1.8363e-07,1.60987e-07,1.99389e-07,1.89537e-07,1.61268e-07,2.01788e-07,1.89682e-07,1.64942e-07,2.80626e-07,1.76028e-07,1.78177e-07,2.82057e-07,1.79044e-07,1.81761e-07,2.83877e-07,1.79232e-07,1.88819e-07,2.85386e-07,1.87263e-07,1.88829e-07,2.85621e-07,1.91112e-07,1.91344e-07
-101.527,-109.265,-109.095,-103.029,-114.881,-116.257,-108.614,-128.974,-120.706,-109.498,-134.007,-126.406,-109.768,-136.323,-126.547,-113.314,-121.123,-111.956,-112.169,-126.503,-118.866,-119.629,-128.259,-119.048,-126.44,-129.716,-126.799,-126.45,-129.943,-130.513,-128.877
0,3.14159,3.14159,3.14159,3.26683,3.81039,5.62031,1.83991,2.08595,5.47468,4.64629,5.52847,1.34782,5.15847,6.15537,2.63591,6.28319,6.28319,6.28319,1.59598,2.64566,3.56687,3.67064,1.59005,0.00853149,4.65775,4.63116,2.14297,1.25559,5.37697,2.13929
90,90,90,93.6189,30.7339,31.5601,22.5023,34.8398,22.7417,14.8631,32.2611,27.3652,15.7553,39.1553,30.6787,17.793,90,93.2567,93.2174,53.2929,17.0881,30.0284,60.9943,34.751,25.6375,56.9343,26.932,42.5168,65.5343,30.2156,36.5937
341.565,327.473,31.3951,341.565,149.266,31.5601,157.498,145.16,22.7417,165.137,147.739,27.3652,164.245,140.845,30.6787,162.207,302.299,31.3951,327.473,126.707,17.0881,149.972,119.006,34.751,154.363,123.066,26.932,137.483,114.466,30.2156,143.406
90,90,90,93.6189,150.524,143.898,160.614,147.534,156.216,158.115,151.503,145.646,160.911,143.85,151.996,162.379,90,93.2567,93.2174,122.12,149.691,147.073,128.253,150.688,142.874,118.616,150.966,156.389,128.919,152.734,146.065
161.565,212.504,148.593,161.565,29.4759,143.898,160.614,32.4664,156.216,158.115,28.4965,145.646,160.911,36.1498,151.996,162.379,122.31,148.593,212.504,122.12,149.691,32.9269,128.253,150.688,37.1256,118.616,150.966,23.6108,128.919,152.734,33.935
31
1.84089e-07,1.85604e-07,2.42172e-07,1.84361e-07,1.85648e-07,2.42345e-07,1.84368e-07,1.86841e-07,2.44959e-07,1.85267e-07,1.88631e-07,2.48504e-07,1.86697e-07,1.9433e-07,2.50701e-07,1.89142e-07,1.85873e-07,2.74195e-07,2.42378e-07,1.87973e-07,2.75786e-07,2.4335e-07,1.90665e-07,2.75963e-07,2.4402e-07,1.93382e-07,2.82924e-07,2.49064e-07,2.01773e-07,2.83089e-07,2.5848e-07
-102.848,-106.268,-112.282,-104.148,-110.311,-116.449,-108.155,-111.461,-118.972,-109.023,-113.19,-122.394,-110.403,-118.689,-124.514,-112.762,-107.651,-120.725,-115.179,-113.678,-126.26,-120.117,-116.276,-126.431,-120.763,-118.898,-133.149,-125.631,-126.996,-133.308,-134.719
0,3.14159,3.14159,3.14159,3.11984,3.95783,3.97069,2.86415,1.00449,4.28801,3.32849,0.194242,0.530446,0.897008,3.95195,2.2015,6.28319,6.28319,6.28319,1.02378,5.79535,3.54541,1.63563,1.5337,3.2407,4.99255,4.82073,4.26357,4.17184,2.4122,1.98593
90,90,90,93.1093,8.03922,36.4296,8.74968,8.61505,31.9265,7.85367,0.966755,49.7438,1.89689,16.089,49.3786,0.559029,93.084,90,92.3646,4.98895,48.9483,40.0764,5.64848,46.2596,36.6945,4.36545,43.5175,35.5601,8.5131,52.1295,40.8346
5.19443,351.01,40.791,5.19443,171.961,36.4296,8.74968,171.385,31.9265,7.85367,179.033,49.7438,1.89689,163.911,49.3786,0.559029,351.01,48.0351,40.791,175.011,48.9483,40.0764,174.352,46.2596,36.6945,175.635,43.5175,35.5601,171.487,52.1295,40.8346
90,90,90,93.1093,172.317,143.944,176.571,160.674,130.64,174.061,173.816,134.17,164.709,170.915,149.013,171.533,93.084,90,92.3646,169.186,129.205,145.096,166.112,131.429,139.528,173.364,128.084,133.766,178.68,128.901,128.621
185.194,188.967,139.197,185.194,7.68294,143.944,3.4288,19.3256,130.64,5.93916,6.1835,134.17,15.291,9.08477,149.013,8.46711,188.967,228.024,139.197,10.814,50.7948,145.096,13.8877,48.5711,139.528,6.63592,51.9157,133.766,1.32035,51.099,128.621
36
1.84089e-07,1.85606e-07,2.42167e-07,1.84361e-07,1.86162e-07,2.42756e-07,1.84823e-07,1.87675e-07,2.43218e-07,1.86777e-07,1.89261e-07,2.48506e-07,1.90755e-07,1.9013e-07,2.50621e-07,1.91616e-07,2.50361e-07,1.85875e-07,2.742e-07,2.42374e-07,2.5144e-07,2.00856e-07,2.80566e-07,2.43206e-07,2.51613e-07,2.04338e-07,2.82133e-07,2.48804e-07,2.6065e-07,2.05113e-07,2.88205e-07,2.4954e-07,2.66173e-07,2.06004e-07,2.93552e-07,2.50878e-07
-102.848,-106.269,-112.282,-104.148,-110.806,-116.85,-108.594,-112.266,-117.296,-110.48,-113.797,-122.399,-114.319,-114.635,-124.44,-115.15,-119.736,-107.652,-120.725,-115.179,-124.778,-126.11,-130.869,-119.982,-124.945,-129.47,-132.381,-125.385,-133.666,-130.219,-138.241,-126.095,-138.996,-131.079,-143.401,-127.387
0,3.14159,3.14159,3.14159,0.0391178,4.50799,0.562781,0.785489,4.25827,2.96942,2.12191,1.76972,1.48526,5.28951,5.53453,0.777818,6.28319,6.28319,6.28319,6.28319,2.50741,0.523199,5.77804,3.80568,1.39269,3.8805,2.23573,4.9077,0.37803,1.6516,0.0626898,1.5323,4.12709,5.39445,3.02227,3.6723
90,90,90,93.1093,5.67713,44.7888,4.44733,7.6984,41.2916,10.5294,4.99888,39.1644,3.99181,7.10661,41.7445,5.92339,90,93.084,90,92.3646,39.6927,9.11699,55.5989,38.1966,46.7027,6.79904,43.7174,44.1709,48.1787,17.2894,53.6598,43.8837,28.5015,10.2672,45.9709,46.3432
5.19443,351.006,40.7899,5.19443,174.323,44.7888,4.44733,172.302,41.2916,10.5294,175.001,39.1644,3.99181,172.893,41.7445,5.92339,317.06,351.006,48.0361,40.7899,140.307,170.883,55.5989,38.1966,133.297,173.201,43.7174,44.1709,131.821,162.711,53.6598,43.8837,151.499,169.733,45.9709,46.3432
90,90,90,93.1093,172.036,143.853,175.417,162.102,138.181,173.269,167.791,140.091,164.511,172.494,142.827,175.338,90,93.084,90,92.3646,141.847,176.692,132.921,136.638,138.886,177.885,134.889,144.376,136.919,168.282,131.179,143.365,140.108,168.504,129.594,132.685
185.194,188.971,139.199,185.194,7.96445,143.853,175.417,17.8977,138.181,6.73136,12.2088,140.091,15.4887,7.50595,142.827,4.66199,137.072,188.971,228.025,139.199,141.847,176.692,47.0793,136.638,138.886,177.885,45.1105,144.376,136.919,11.7183,48.821,143.365,140.108,11.4957,50.4063,132.685
36
1.84089e-07,1.85608e-07,2.42163e-07,1.84361e-07,1.87823e-07,2.42812e-07,1.86884e-07,1.94162e-07,2.53001e-07,1.87287e-07,1.94421e-07,2.60315e-07,1.94229e-07,1.95253e-07,2.60478e-07,1.96145e-07,2.50365e-07,1.85877e-07,2.74205e-07,2.42369e-07,2.55699e-07,2.02329e-07,2.76712e-07,2.47073e-07,2.61394e-07,2.06725e-07,2.80045e-07,2.4808e-07,2.69647e-07,2.06831e-07,2.95352e-07,2.56339e-07,2.75414e-07,2.07313e-07,2.99295e-07,2.60932e-07
-102.848,-106.27,-112.282,-104.148,-112.408,-116.908,-110.583,-118.526,-126.741,-110.972,-118.776,-133.8,-117.672,-119.579,-133.958,-119.521,-119.736,-107.654,-120.726,-115.179,-128.883,-127.531,-127.145,-123.718,-134.38,-131.774,-130.362,-124.69,-142.344,-131.877,-145.135,-132.66,-147.911,-132.341,-148.94,-137.093
0,3.14159,3.14159,3.14159,4.58246,0.099955,4.6884,5.69289,5.41824,1.0649,3.33498,4.69072,4.659,1.44077,0.0275996,4.02708,6.28319,6.28319,6.28319,6.28319,2.26488,4.85474,2.26778,0.661746,4.93718,4.11915,0.943086,1.37641,5.81657,5.09579,3.39454,1.18292,3.01034,1.05439,5.18129,1.33548
90,90,90,93.1093,3.29316,38.6686,12.9981,8.44854,37.3278,11.3598,9.18875,35.2169,0.748922,6.271,47.7171,0.846841,90,93.0839,90,92.3647,49.5997,9.21245,51.1268,48.9856,41.8769,14.5796,42.2698,34.8729,46.7275,14.8739,50.9074,37.6658,42.6752,17.9539,51.4687,42.8937
5.19443,351.002,40.7887,5.19443,176.707,38.6686,12.9981,171.551,37.3278,11.3598,170.811,35.2169,0.748922,173.729,47.7171,0.846841,317.059,351.002,48.037,40.7887,130.4,170.788,51.1268,48.9856,138.123,165.42,42.2698,34.8729,133.273,165.126,50.9074,37.6658,137.325,162.046,51.4687,42.8937
90,90,90,93.1093,168.449,133.247,170.791,168.882,134.758,174.607,173.774,135.412,176.52,168.09,128.51,172.719,90,93.0839,90,92.3647,143.322,169.92,134.085,147.737,134.325,172.075,138.696,143.847,136.876,170.426,132.33,134.719,133.571,168.793,137.795,128.185
185.194,188.975,139.2,185.194,11.5506,133.247,9.20878,11.118,134.758,5.39294,6.22555,135.412,3.48034,11.9098,128.51,7.28066,137.071,188.975,228.026,139.2,143.322,10.0804,45.9147,147.737,134.325,7.92522,41.304,143.847,136.876,9.57428,47.67,134.719,133.571,11.2074,42.2047,128.185
36
1.84089e-07,1.8561e-07,2.42159e-07,1.84361e-07,1.8641e-07,2.48053e-07,1.922e-07,1.87195e-07,2.49338e-07,1.92653e-07,1.87503e-07,2.4945e-07,2.01375e-07,1.91904e-07,2.50048e-07,2.05181e-07,2.5037e-07,1.85879e-07,2.7421e-07,2.42365e-07,2.53603e-07,1.8773e-07,2.76822e-07,2.43055e-07,2.54138e-07,1.89969e-07,2.82737e-07,2.4341e-07,2.59425e-07,1.91258e-07,2.83964e-07,2.46581e-07,2.65111e-07,1.9946e-07,2.86735e-07,2.52835e-07
-102.848,-106.272,-112.281,-104.148,-111.043,-121.97,-115.714,-111.802,-123.21,-116.151,-112.098,-123.318,-124.569,-116.346,-123.895,-128.242,-119.736,-107.655,-120.726,-115.178,-126.857,-113.441,-127.246,-119.844,-127.373,-115.602,-132.955,-120.187,-132.476,-116.846,-134.139,-123.247,-137.963,-124.761,-136.813,-129.283
0,3.14159,3.14159,3.14159,0.077974,3.64405,1.31966,1.21735,0.349901,0.494735,1.93596,2.48625,2.09539,2.14389,5.98038,2.78205,6.28319,6.28319,6.28319,6.28319,5.80062,0.168632,1.72535,4.61299,3.08298,4.1515,3.96469,0.445821,4.24819,4.50069,3.80355,4.22441,0.214019,5.03259,0.956507,4.94101
90,90,90,93.1093,21.2379,35.6537,2.81809,8.7995,34.8642,3.37952,6.96807,48.4431,7.20349,8.84779,47.7141,5.98906,90,93.0839,90,92.3647,40.0841,7.89757,51.5511,40.0017,39.4082,14.7524,46.1032,41.4657,43.8243,19.4293,57.3693,32.9586,40.9684,3.63476,56.9337,38.5197
5.19443,350.998,40.7875,5.19443,158.762,35.6537,2.81809,171.2,34.8642,3.37952,173.032,48.4431,7.20349,171.152,47.7141,5.98906,317.058,350.998,48.0379,40.7875,139.916,172.102,51.5511,40.0017,140.592,165.248,46.1032,41.4657,136.176,160.571,57.3693,32.9586,139.032,176.365,56.9337,38.5197
90,90,90,93.1093,178.276,145.212,162.207,175.02,135.135,174.372,172.413,138.16,173.799,169.292,138.119,177.217,90,93.0839,90,92.3647,147.572,163.025,134.354,143.492,136.264,162.553,135.598,142.183,133.586,166.103,122.716,128.28,135.364,164.597,122.298,139.18
185.194,188.979,139.201,185.194,1.72362,145.212,17.793,175.02,135.135,5.62807,7.58652,138.16,6.20129,10.7075,138.119,2.78258,137.07,188.979,228.026,139.201,147.572,16.9747,45.6459,143.492,136.264,17.4471,44.4017,142.183,133.586,13.8969,57.2842,128.28,135.364,15.4035,57.7024,139.18
36
1.84089e-07,1.85612e-07,2.42154e-07,1.84361e-07,1.87996e-07,2.42446e-07,1.8501e-07,1.91983e-07,2.48173e-07,1.87948e-07,2.03344e-07,2.49648e-07,1.8989e-07,2.03601e-07,2.52945e-07,1.92396e-07,2.50374e-07,1.85881e-07,2.74215e-07,2.42361e-07,2.63614e-07,1.85951e-07,2.77609e-07,2.43012e-07,2.68227e-07,1.94527e-07,2.7762e-07,2.45462e-07,2.68924e-07,2.0549e-07,2.78044e-07,2.51877e-07,2.70066e-07,2.06143e-07,2.783e-07,2.57358e-07
-102.848,-106.273,-112.281,-104.148,-112.573,-116.563,-108.774,-116.421,-122.09,-111.61,-127.385,-123.514,-113.484,-127.634,-126.695,-115.903,-119.736,-107.657,-120.726,-115.178,-136.514,-111.724,-128.001,-119.806,-140.966,-120,-128.012,-122.171,-141.639,-130.581,-128.422,-128.362,-142.741,-131.211,-128.668,-133.653
0,3.14159,3.14159,3.14159,4.00843,1.78763,0.602078,1.02288,0.671009,5.6791,5.11165,2.64546,2.66736,4.40981,5.19055,0.681167,6.28319,6.28319,6.28319,6.28319,3.07272,1.86167,4.06209,5.97245,4.93048,4.10571,6.21376,3.8268,0.532955,3.67629,2.26138,2.13444,4.8517,2.41202,3.05303,5.83069
90,90,90,93.1093,11.792,44.8079,6.91607,14.9918,34.2803,0.603114,19.1123,38.4416,8.89702,14.8754,49.9234,1.768,90,93.0839,90,92.3647,32.731,12.8746,46.7464,35.6687,49.585,4.90183,50.2732,42.0129,41.5012,1.19436,47.68,37.6932,47.7007,2.44459,46.2453,43.7954
5.19443,350.994,40.7863,5.19443,168.208,44.8079,6.91607,165.008,34.2803,0.603114,160.888,38.4416,8.89702,165.125,49.9234,178.232,317.057,350.994,48.0389,40.7863,147.269,167.125,46.7464,35.6687,130.415,175.098,50.2732,42.0129,138.499,178.806,47.68,37.6932,132.299,177.555,46.2453,43.7954
90,90,90,93.1093,171.167,142.539,176.053,162.841,141.728,169.623,170.021,136.675,179.935,173.271,144.771,169.341,90,93.0839,90,92.3647,132.729,165.642,126.089,134.044,149.082,177.327,137.848,136.455,138.512,173.149,129.625,137.483,146.443,178.861,131.179,137.429
185.194,188.983,139.202,185.194,8.83337,142.539,176.053,17.1591,141.728,10.3767,9.9793,136.675,179.935,6.72876,144.771,10.6593,137.068,188.983,228.027,139.202,132.729,14.3576,53.9115,134.044,149.082,2.67254,42.1525,136.455,138.512,6.85107,50.3748,137.483,146.443,1.13889,48.8212,137.429
